53580692.png,1235.6,423.4,1360.3,540.9,0.476,
53580692.png,1282.6,459.4,1343.0,504.0,0.420,
53580692.png,1102.0,337.5,1385.0,582.4,0.103,
53580692.png,1316.7,456.6,1346.6,482.8,0.098,
53580692.png,1289.1,451.0,1329.6,480.3,0.088,
53580692.png,901.9,488.6,1217.6,646.2,0.064,
50994706.png,989.2,833.0,1091.2,965.1,0.393,
50994706.png,1146.1,632.8,1274.7,720.7,0.207,
50994706.png,1172.2,644.9,1216.5,689.6,0.122,
50994706.png,974.7,414.3,1306.1,783.5,0.097,
50994706.png,1146.3,405.7,1269.8,507.8,0.060,
22678833.png,563.2,860.1,793.1,1092.9,0.670,
22678833.png,571.8,712.9,683.9,837.5,0.541,
22678833.png,643.6,563.9,774.4,693.3,0.374,
22678833.png,577.3,878.6,687.7,1016.4,0.334,
22678833.png,754.8,959.2,877.0,1095.5,0.330,
22678833.png,578.3,883.4,1088.2,1173.7,0.106,
22678833.png,1120.8,1142.8,1266.0,1372.8,0.080,
22678833.png,682.4,1134.9,909.8,1335.7,0.060,
50994589.png,1199.7,631.2,1330.4,738.6,0.171,
50994589.png,992.6,826.4,1259.9,1009.3,0.097,
50994589.png,903.9,756.7,1012.1,889.6,0.070,
50994589.png,795.7,1019.1,922.5,1135.1,0.052,
22427705.png,6.9,664.9,129.4,774.4,0.734,
22427705.png,36.7,674.2,92.9,730.5,0.411,
22427705.png,181.7,379.7,296.1,465.4,0.063,
30011798.png,916.4,907.1,973.6,970.9,0.316,
30011798.png,886.5,888.1,1008.0,1001.2,0.195,
30011798.png,1046.5,505.0,1162.9,623.2,0.061,
24055024.png,1172.0,813.1,1297.5,908.9,0.149,
24055024.png,1005.6,522.6,1217.5,745.6,0.139,
24055024.png,1217.7,827.4,1282.5,879.4,0.050,
22580732.png,240.8,1014.4,299.2,1067.7,0.326,
22580732.png,228.4,1001.4,330.9,1111.7,0.137,
22580732.png,169.7,927.7,402.2,1153.2,0.078,
50998086.png,820.2,481.5,931.9,608.3,0.850,
50998086.png,754.4,447.2,1060.7,830.3,0.573,
50998086.png,1081.9,988.2,1135.5,1032.7,0.200,
50998086.png,675.8,848.2,714.5,886.9,0.158,
50998086.png,1206.7,537.1,1244.7,574.0,0.084,
50998086.png,1252.5,663.3,1303.3,719.5,0.066,
50998086.png,990.1,619.4,1045.3,675.2,0.064,
50998086.png,853.8,649.8,990.8,761.2,0.064,
50998086.png,934.7,623.1,1064.2,742.6,0.062,
50998086.png,654.4,805.8,754.8,922.9,0.059,
51048765.png,1106.9,220.7,1299.8,573.6,0.232,
51048765.png,1144.9,280.9,1275.6,390.1,0.188,
51048765.png,984.2,1213.7,1132.7,1317.4,0.074,
50998177.png,582.7,918.8,665.5,1037.5,0.251,
50998177.png,433.0,1030.6,603.8,1186.3,0.058,
24065584.png,19.3,1200.6,140.2,1327.2,0.191,
24065584.png,14.6,955.9,153.7,1064.9,0.091,
53580665.png,110.7,378.7,276.4,576.5,0.278,
53580665.png,186.8,464.1,227.8,498.2,0.253,
53580665.png,186.5,485.0,224.7,515.9,0.115,
53580665.png,155.2,444.3,222.5,509.1,0.063,
53580665.png,313.9,767.7,358.7,806.7,0.061,
50994760.png,935.0,758.0,1010.7,849.9,0.787,
50994760.png,892.9,718.4,1065.3,888.1,0.470,
50994760.png,1040.1,621.8,1159.7,738.6,0.268,
50994760.png,971.1,1191.5,1195.6,1366.1,0.183,
50994760.png,995.9,651.2,1050.8,710.1,0.123,
50994760.png,951.5,938.1,1085.9,1071.7,0.123,
50994760.png,869.6,730.0,1175.7,1181.8,0.100,
50994760.png,1193.1,1127.9,1290.6,1252.7,0.054,
22613676.png,689.0,870.3,737.5,939.9,0.058,
50994733.png,215.5,875.0,400.3,1117.4,0.327,
50994733.png,209.2,693.7,407.8,862.3,0.224,
50994733.png,239.2,918.7,327.1,1029.9,0.118,
50994733.png,102.0,447.8,193.8,557.6,0.106,
50994733.png,157.4,526.9,515.4,887.2,0.073,
50994733.png,283.1,586.4,399.4,673.7,0.067,
50994562.png,994.4,433.3,1158.4,615.7,0.439,
50994562.png,1028.8,469.0,1118.6,566.2,0.341,
50994562.png,811.5,694.4,1015.1,895.9,0.125,
50994562.png,904.7,546.8,1023.7,665.8,0.100,
50994562.png,924.1,345.6,1354.3,604.6,0.069,
53581406.png,891.4,849.1,957.8,927.8,0.571,
53581406.png,859.6,816.8,994.1,977.5,0.266,
51048945.png,11.5,514.5,255.4,693.7,0.756,
51048945.png,591.0,803.5,682.8,921.4,0.485,
51048945.png,58.3,560.5,156.5,647.4,0.284,
51048945.png,196.2,526.0,431.1,743.5,0.153,
51048945.png,538.1,787.6,740.1,1003.6,0.117,
51048945.png,416.9,983.9,525.1,1105.8,0.117,
51048945.png,7.4,442.4,489.7,814.9,0.060,
22614236.png,77.1,792.9,240.9,907.9,0.927,
22614236.png,51.3,709.8,281.1,993.6,0.666,
22614236.png,32.2,354.0,225.4,567.0,0.425,
22614236.png,130.1,826.2,204.8,886.7,0.196,
22614236.png,252.7,937.3,355.9,1044.2,0.063,
24065914.png,1212.2,714.7,1276.8,776.9,0.415,
24065914.png,1085.0,700.6,1296.7,920.6,0.156,
24065914.png,946.8,310.5,1173.8,514.4,0.122,
24065914.png,1069.5,571.3,1292.1,777.9,0.050,
50995899.png,274.2,603.8,578.6,794.0,0.504,
50995899.png,443.9,628.6,556.8,757.8,0.069,
51049134.png,924.7,422.9,1184.4,610.0,0.205,
51049134.png,955.5,734.6,1039.3,817.4,0.177,
51049134.png,1065.0,571.1,1149.4,672.9,0.098,
51049134.png,921.9,688.1,1082.3,886.5,0.069,
51049134.png,766.3,746.2,1045.9,939.9,0.054,
51049134.png,1086.5,490.3,1152.9,563.1,0.052,
53586361.png,36.4,882.2,177.5,996.1,0.170,
53586361.png,12.6,974.4,249.5,1164.4,0.160,
53587481.png,7.2,862.6,389.7,1223.3,0.417,
53587481.png,160.6,998.9,339.1,1207.9,0.337,
53587481.png,238.4,890.0,363.8,986.1,0.272,
53587481.png,10.4,930.4,124.3,1026.0,0.230,
53587481.png,382.4,826.9,439.6,885.9,0.229,
53587481.png,226.8,640.3,349.3,746.3,0.138,
53587481.png,61.1,763.9,194.7,879.6,0.129,
53587481.png,32.2,958.6,88.9,1012.0,0.097,
53587481.png,15.9,496.7,288.5,712.7,0.081,
53587481.png,249.8,798.5,492.3,981.6,0.067,
53587481.png,9.3,1076.2,130.4,1182.4,0.066,
53587481.png,220.9,630.0,266.7,676.3,0.056,
53587481.png,183.4,822.0,578.4,1158.9,0.053,
24055483.png,146.7,752.1,266.0,874.2,0.766,
24055483.png,174.5,787.0,234.4,846.1,0.714,
24055483.png,88.5,691.7,322.0,903.3,0.170,
24055483.png,196.0,771.7,247.2,820.3,0.065,
50995762.png,938.3,952.7,1164.3,1152.8,0.370,
50995762.png,1100.5,994.1,1155.2,1052.3,0.082,
50995762.png,913.4,716.3,1112.8,949.8,0.074,
50995762.png,954.7,766.8,1088.9,869.9,0.053,
20588562.png,9.3,446.7,390.2,817.4,0.852,
20588562.png,462.1,671.3,604.8,779.0,0.129,
20588562.png,126.5,529.2,256.1,634.4,0.122,
20588562.png,365.2,581.6,599.3,800.9,0.055,
50993787.png,145.7,1092.9,372.7,1279.3,0.412,
50993787.png,245.4,1152.2,311.3,1225.5,0.378,
50993787.png,125.8,603.9,308.1,782.2,0.218,
50993787.png,160.3,1236.9,275.2,1341.3,0.155,
50993787.png,281.0,1115.1,342.6,1185.3,0.153,
50993787.png,108.1,1058.9,590.2,1422.2,0.120,
50993787.png,4.7,652.7,134.8,837.4,0.113,
22670620.png,1205.1,461.3,1320.8,560.3,0.613,
22670620.png,1271.1,250.0,1385.0,354.9,0.557,
22670620.png,1120.0,400.8,1374.9,587.5,0.069,
22670620.png,1240.0,499.7,1299.5,546.5,0.069,
22670620.png,1224.0,186.2,1385.0,532.9,0.060,
51049107.png,184.5,950.5,319.7,1133.3,0.262,
51049107.png,197.8,1038.1,257.2,1099.6,0.218,
51049107.png,386.7,1303.6,448.8,1362.2,0.176,
51049107.png,208.8,1009.1,273.7,1074.7,0.130,
51049107.png,231.0,725.7,356.2,838.6,0.068,
51049107.png,202.1,902.3,453.8,1091.2,0.053,
51049107.png,136.5,637.4,275.9,735.1,0.051,
22679008.png,971.1,840.7,1078.1,952.9,0.241,
22679008.png,953.2,780.2,1188.7,1000.9,0.157,
22679008.png,947.4,1235.4,1098.3,1338.4,0.116,
50994354.png,1096.4,387.8,1279.3,563.6,0.440,
50994354.png,1143.4,422.7,1232.4,519.8,0.292,
22580393.png,849.7,537.1,1095.3,776.6,0.518,
22580393.png,981.2,624.4,1093.3,783.6,0.423,
22580393.png,1051.7,744.0,1176.2,849.6,0.287,
22580393.png,850.4,557.3,960.7,692.8,0.177,
22580393.png,964.1,938.7,1206.1,1164.5,0.142,
22580393.png,1061.1,738.3,1091.6,767.0,0.135,
22580393.png,1049.2,724.1,1104.9,783.8,0.107,
22580393.png,877.8,542.4,931.1,593.4,0.101,
22580393.png,1069.3,752.1,1126.3,816.5,0.081,
22580393.png,1000.6,645.7,1219.6,882.3,0.070,
22580393.png,1103.2,778.1,1166.4,835.2,0.056,
22580393.png,802.4,601.9,1292.8,972.3,0.052,
30011674.png,269.3,470.7,479.3,675.1,0.303,
22670324.png,805.3,630.0,908.8,765.0,0.749,
22670324.png,785.2,570.4,978.7,828.0,0.210,
22670324.png,1168.8,1059.1,1224.0,1107.3,0.094,
22670324.png,716.4,997.9,831.3,1119.3,0.084,
30011553.png,212.3,820.7,299.9,925.3,0.099,
30011553.png,53.0,890.8,158.8,1001.5,0.085,
22580576.png,440.3,1112.5,492.9,1160.4,0.235,
22580576.png,361.3,1043.7,552.7,1217.6,0.170,
22580576.png,36.5,1139.7,240.4,1326.9,0.092,
22580576.png,392.2,723.5,586.2,944.8,0.086,
22580576.png,69.8,413.0,552.7,734.8,0.072,
22580576.png,121.5,1175.1,182.0,1239.7,0.071,
22580576.png,334.1,607.9,531.4,827.4,0.070,
22580576.png,493.6,792.7,530.1,837.9,0.068,
22580576.png,240.5,424.9,344.9,532.3,0.065,
22580706.png,885.8,1179.5,1385.0,1592.9,0.892,
22580706.png,896.4,1270.7,1120.0,1509.0,0.637,
22580706.png,1206.7,669.6,1366.3,840.8,0.554,
22580706.png,1124.5,1213.8,1353.4,1446.0,0.285,
22580706.png,1004.8,1289.1,1264.8,1520.6,0.085,
22580706.png,789.1,1264.3,991.2,1497.2,0.079,
22580706.png,822.3,1314.5,927.7,1443.7,0.074,
53580979.png,288.9,856.5,396.0,967.5,0.250,
53580979.png,239.0,573.8,481.7,810.6,0.111,
50993670.png,434.9,904.3,550.4,1033.7,0.530,
50993670.png,295.3,805.5,590.9,1113.0,0.398,
50993670.png,320.1,537.4,424.2,627.1,0.124,
50998607.png,837.9,780.5,1140.2,1189.0,0.097,
50997026.png,1042.8,532.6,1337.2,914.3,0.461,
50997026.png,1122.7,667.4,1305.0,841.3,0.259,
50997026.png,1225.6,804.6,1273.0,845.9,0.135,
50997026.png,1110.0,594.1,1240.9,707.1,0.122,
50997026.png,1219.3,765.3,1291.7,862.4,0.114,
20587690.png,6.8,1147.2,131.0,1244.8,0.091,
20587466.png,37.3,634.1,159.0,749.1,0.645,
20587466.png,1.3,1087.9,144.8,1190.1,0.468,
20587466.png,7.4,579.3,228.1,792.5,0.395,
20587466.png,10.1,1103.6,61.3,1169.5,0.354,
20587466.png,11.5,468.0,59.9,544.7,0.181,
20587466.png,174.9,633.4,220.8,677.3,0.169,
20587466.png,138.6,572.9,336.3,785.8,0.086,
20587466.png,148.7,603.2,258.0,709.2,0.068,
51049053.png,395.7,585.3,605.1,770.1,0.599,
51049053.png,176.4,919.0,377.6,1095.9,0.348,
51049053.png,250.5,974.2,357.0,1067.4,0.229,
51049053.png,444.0,638.7,538.9,734.8,0.067,
50999273.png,871.2,859.0,1198.0,1235.1,0.078,
24065707.png,1224.2,608.4,1325.7,725.7,0.876,
24065707.png,1163.0,548.3,1367.2,787.2,0.209,
22613702.png,138.1,548.5,437.6,795.1,0.954,
22613702.png,220.7,630.4,380.6,761.4,0.151,
30318067.png,246.3,536.5,449.4,770.9,0.670,
30318067.png,278.2,570.8,400.1,682.8,0.668,
30318067.png,210.8,565.4,670.7,857.9,0.082,
30318067.png,455.6,971.3,655.8,1216.0,0.073,
30318067.png,275.8,576.2,330.7,623.7,0.066,
53582764.png,956.0,995.4,1037.9,1063.7,0.118,
50993841.png,176.0,432.9,311.5,554.2,0.805,
50993841.png,29.6,644.6,116.9,735.8,0.695,
50993841.png,331.2,933.7,446.5,1060.8,0.371,
50993841.png,266.5,902.5,495.0,1121.9,0.268,
50993841.png,354.5,596.9,483.2,692.1,0.261,
50993841.png,306.4,1045.8,472.6,1265.2,0.226,
50993841.png,131.7,345.2,341.5,623.0,0.218,
50993841.png,90.4,533.5,169.7,617.4,0.179,
50993841.png,267.2,1139.1,312.6,1197.1,0.092,
50993841.png,230.0,631.7,280.2,700.4,0.082,
50993841.png,352.9,1152.3,414.4,1215.9,0.077,
24065860.png,733.6,1159.9,873.5,1295.1,0.479,
24065860.png,660.7,526.9,1162.8,838.4,0.196,
24065860.png,653.4,601.1,860.2,809.6,0.159,
24065860.png,822.8,626.4,1042.7,847.7,0.145,
24065860.png,1137.2,283.2,1249.2,404.0,0.095,
24065860.png,602.6,982.5,971.1,1351.3,0.078,
24065860.png,1035.6,984.0,1210.0,1168.6,0.071,
24065860.png,1059.4,605.8,1113.3,660.8,0.070,
24065860.png,675.8,443.5,833.4,623.9,0.061,
24065860.png,923.9,742.4,986.1,808.7,0.058,
50993868.png,859.6,431.3,1097.9,648.2,0.338,
50993868.png,968.7,614.8,1067.0,719.7,0.297,
50993868.png,661.7,435.0,763.7,546.4,0.258,
50993868.png,786.9,1143.8,948.1,1333.0,0.217,
50993868.png,663.3,263.4,1023.3,656.1,0.186,
50993868.png,884.5,1009.6,1002.4,1132.8,0.139,
50993868.png,933.1,522.1,1058.8,628.7,0.095,
50993868.png,641.6,1008.5,880.4,1191.6,0.083,
50993868.png,732.5,884.3,770.7,918.9,0.067,
50993868.png,845.7,214.8,1138.2,394.0,0.067,
50993868.png,732.9,463.5,946.2,682.3,0.064,
50993868.png,991.0,654.3,1038.9,694.7,0.056,
50994300.png,1038.9,868.0,1140.5,994.6,0.112,
50997678.png,955.7,775.3,1036.6,868.8,0.440,
50997678.png,970.5,801.9,1016.3,847.2,0.385,
50996736.png,1057.6,344.9,1310.6,563.2,0.325,
50996736.png,1020.2,976.9,1067.6,1019.3,0.259,
50996736.png,1348.3,1193.4,1385.0,1241.8,0.195,
50996736.png,807.3,649.1,1295.4,936.6,0.153,
50996736.png,1035.5,995.0,1078.5,1036.8,0.078,
50996736.png,1002.6,956.2,1096.4,1049.7,0.076,
50996736.png,1153.0,680.3,1256.8,805.8,0.068,
50996736.png,1195.9,393.8,1335.1,521.1,0.065,
50996736.png,1085.1,1131.1,1147.0,1184.3,0.062,
50996827.png,798.3,818.8,926.4,921.1,0.089,
53580858.png,48.5,698.3,203.0,834.8,0.899,
53580858.png,75.2,737.4,151.4,800.8,0.287,
53580858.png,8.0,576.7,261.6,891.3,0.158,
22579754.png,182.6,478.0,425.4,666.1,0.656,
22579754.png,250.1,527.6,375.4,633.1,0.281,
22579754.png,451.4,639.8,556.8,746.9,0.097,
22670809.png,1256.0,1049.7,1371.9,1172.3,0.718,
22670809.png,1199.5,967.6,1385.0,1280.0,0.097,
22670809.png,1001.4,953.7,1103.5,1075.9,0.064,
20587054.png,1126.0,435.0,1306.4,654.2,0.567,
20587054.png,987.6,592.2,1108.4,691.8,0.475,
20587054.png,983.4,534.9,1239.3,712.1,0.189,
20587054.png,1196.1,474.5,1280.1,581.1,0.180,
20587054.png,1057.0,595.5,1109.2,648.7,0.143,
20587054.png,1069.4,610.0,1096.8,633.2,0.096,
20587054.png,1009.8,608.4,1059.7,658.6,0.079,
20587054.png,683.6,697.5,911.2,946.3,0.066,
20587054.png,1044.9,585.2,1174.1,678.4,0.061,
20587054.png,970.6,890.9,1085.6,992.0,0.052,
50995963.png,198.4,660.2,521.2,1058.8,0.068,
50995963.png,323.7,785.0,466.0,891.6,0.059,
53581264.png,1054.7,511.1,1101.3,558.2,0.161,
53581264.png,844.4,485.4,1119.4,686.6,0.102,
53581264.png,760.3,684.9,861.7,821.7,0.095,
53581264.png,1016.4,492.2,1126.8,590.6,0.077,
53581264.png,1002.0,350.6,1258.9,577.0,0.053,
50999094.png,22.2,548.4,379.3,881.6,0.130,
50999094.png,90.9,395.7,326.1,632.5,0.089,
50999094.png,204.5,763.7,352.9,862.8,0.072,
50999094.png,162.3,702.1,451.7,901.7,0.056,
20588334.png,8.1,1056.6,189.0,1253.2,0.568,
20588334.png,171.1,558.3,368.3,792.7,0.229,
20588334.png,8.4,604.7,470.7,931.4,0.087,
20588334.png,252.2,818.0,391.5,920.9,0.081,
20588334.png,82.5,768.1,211.9,877.8,0.054,
20588334.png,271.2,630.2,378.7,761.8,0.054,
24055176.png,788.4,911.5,934.0,1019.2,0.676,
24055176.png,799.2,684.9,1221.1,1076.5,0.626,
24055176.png,1060.2,886.9,1170.6,988.3,0.374,
24055176.png,945.8,768.7,1078.9,902.0,0.354,
24055176.png,799.9,895.9,1067.2,1089.9,0.229,
24055176.png,821.9,919.0,883.7,983.0,0.223,
24055176.png,928.6,621.0,984.2,678.3,0.185,
24055176.png,882.8,481.0,1096.4,703.7,0.184,
24055176.png,910.8,610.1,1021.8,713.0,0.095,
24055176.png,847.5,1083.3,1015.1,1181.6,0.085,
24055176.png,877.8,981.4,920.5,1021.6,0.060,
24058738.png,255.1,952.3,365.4,1047.0,0.716,
24058738.png,287.8,973.6,337.4,1015.1,0.375,
24058738.png,198.2,907.5,404.7,1098.4,0.323,
24058738.png,192.6,946.6,237.1,984.7,0.083,
50999175.png,854.8,574.1,1155.9,1019.4,0.186,
50999175.png,929.1,752.2,1060.5,864.0,0.057,
24065434.png,320.3,966.7,420.7,1055.8,0.147,
24065434.png,346.5,985.9,399.2,1030.3,0.123,
24065434.png,452.4,877.8,555.8,986.1,0.080,
24055779.png,311.6,794.8,633.1,1239.3,0.722,
24055779.png,395.8,663.2,521.3,807.5,0.391,
24055779.png,366.6,1146.7,411.4,1186.4,0.287,
24055779.png,184.3,1008.6,395.7,1224.2,0.287,
24055779.png,367.7,1100.6,454.0,1191.5,0.272,
24055779.png,482.4,1055.5,540.1,1118.5,0.214,
24055779.png,475.2,952.6,578.4,1118.4,0.171,
24055779.png,79.1,499.3,614.5,843.9,0.159,
24055779.png,345.0,590.3,563.1,872.7,0.107,
24055779.png,380.2,911.5,524.4,1032.2,0.102,
24055779.png,537.1,720.9,579.0,794.0,0.099,
24055779.png,332.5,1040.9,523.8,1280.2,0.092,
24055779.png,294.0,545.5,335.5,591.3,0.086,
24055779.png,334.8,845.2,371.8,876.6,0.082,
24055779.png,468.8,606.8,527.2,674.4,0.065,
24055779.png,444.0,567.1,548.1,697.0,0.052,
50997434.png,450.0,559.1,679.3,742.6,0.289,
50997434.png,405.3,447.2,537.7,581.6,0.140,
50997434.png,542.8,595.8,644.4,699.3,0.092,
50997434.png,309.7,442.3,699.9,803.9,0.061,
50997434.png,63.0,699.0,282.0,924.2,0.060,
50997434.png,528.2,1374.5,568.4,1405.6,0.058,
22614074.png,822.9,621.8,977.8,806.1,0.849,
22614074.png,755.2,544.8,1048.0,876.4,0.549,
22614074.png,662.3,389.1,779.5,512.2,0.262,
22614074.png,560.5,643.5,671.1,770.0,0.238,
50993697.png,8.1,613.6,396.4,921.9,0.173,
50993697.png,212.8,754.0,431.0,980.7,0.119,
50993697.png,145.0,634.4,271.8,744.2,0.053,
24065557.png,755.9,1034.7,953.8,1220.3,0.079,
50998634.png,68.6,542.6,302.5,756.7,0.689,
50998634.png,135.2,604.7,264.0,714.5,0.373,
50998634.png,292.9,620.5,415.6,755.6,0.069,
53582567.png,861.3,856.5,959.6,1005.7,0.118,
53582567.png,989.3,502.9,1156.8,662.5,0.081,
53582567.png,1043.2,848.7,1149.0,969.9,0.052,
24055752.png,671.7,1076.9,929.8,1253.0,0.664,
24055752.png,842.9,581.4,964.9,724.9,0.647,
24055752.png,596.0,796.2,784.9,1031.0,0.546,
24055752.png,633.6,838.9,731.4,971.6,0.533,
24055752.png,699.0,439.7,1014.4,867.1,0.426,
24055752.png,769.1,1109.0,890.0,1212.9,0.359,
24055752.png,695.7,628.2,752.8,735.4,0.118,
24055752.png,1013.4,479.9,1117.1,580.0,0.104,
24055752.png,975.0,723.9,1176.7,907.5,0.101,
24055752.png,1170.6,954.4,1222.4,1008.7,0.070,
50993976.png,998.0,678.4,1103.7,768.0,0.709,
50993976.png,901.2,285.0,1136.6,473.2,0.258,
50993976.png,932.3,498.6,1132.9,734.2,0.244,
50993976.png,1024.2,709.3,1076.5,750.8,0.186,
50993976.png,616.4,974.4,785.6,1171.3,0.182,
50993976.png,773.8,249.5,1289.9,568.8,0.163,
50993976.png,665.7,408.5,859.7,632.1,0.122,
50993976.png,736.0,418.7,1209.6,794.1,0.115,
50993976.png,628.9,770.4,999.5,1148.6,0.097,
50993976.png,746.5,481.4,968.9,710.6,0.095,
50993976.png,962.2,562.2,1051.3,663.9,0.052,
50993976.png,949.2,639.4,1149.8,829.0,0.052,
24055274.png,135.4,628.4,433.5,868.9,0.961,
24055274.png,190.2,692.0,327.4,833.9,0.537,
24055274.png,461.8,999.2,581.9,1103.5,0.355,
53581060.png,894.3,930.2,948.1,981.9,0.383,
53581060.png,1004.0,638.6,1112.7,764.5,0.245,
53581060.png,875.8,900.1,971.9,1009.2,0.206,
53581060.png,967.1,541.4,1180.7,786.0,0.096,
50996945.png,296.1,631.5,396.6,735.9,0.062,
22580038.png,317.6,878.1,551.6,1109.6,0.910,
22580038.png,447.7,789.8,586.3,890.4,0.665,
22580038.png,360.1,921.5,472.8,1051.4,0.488,
22580038.png,213.1,543.7,421.1,742.3,0.132,
22580038.png,384.2,455.5,575.6,680.4,0.079,
22580038.png,360.4,932.7,416.1,1009.3,0.056,
22580038.png,502.7,799.6,566.4,862.6,0.055,
53586388.png,819.6,774.4,864.0,815.6,0.056,
53586388.png,628.5,737.4,1053.3,956.9,0.051,
51049080.png,806.2,534.9,957.7,629.3,0.672,
51049080.png,761.0,484.6,1032.8,708.9,0.185,
51049080.png,857.3,546.5,925.9,607.1,0.099,
22427840.png,1022.0,422.7,1252.2,682.3,0.956,
22427840.png,1196.1,346.2,1269.1,415.3,0.352,
22427840.png,1158.9,1078.7,1276.3,1171.7,0.258,
22427840.png,1044.3,509.5,1180.1,635.2,0.179,
22427840.png,1009.3,928.4,1124.5,1046.4,0.134,
22427840.png,1126.8,488.4,1237.4,646.1,0.133,
22427840.png,1156.7,305.2,1287.5,452.0,0.074,
22427840.png,1079.3,555.8,1146.1,620.0,0.061,
51049462.png,154.7,625.5,649.6,937.2,0.207,
51049462.png,326.1,773.7,380.4,835.0,0.197,
51049462.png,219.0,672.1,303.1,774.8,0.186,
51049462.png,194.1,613.3,373.4,835.4,0.093,
51049462.png,385.0,691.1,593.8,887.7,0.071,
51049462.png,304.8,746.9,407.2,864.6,0.055,
53581914.png,3.0,424.6,85.0,501.0,0.065,
53581914.png,3.0,405.7,205.3,602.5,0.063,
51048918.png,743.2,741.7,854.2,866.5,0.191,
51048918.png,711.6,623.7,761.4,675.8,0.051,
22580068.png,825.9,789.9,989.1,992.1,0.755,
22580068.png,749.9,704.0,1072.7,1054.3,0.577,
22580068.png,859.5,842.0,947.7,946.1,0.149,
22580068.png,900.5,1154.0,1033.4,1235.6,0.140,
22580068.png,814.2,977.6,865.0,1031.5,0.135,
22580068.png,860.0,1098.2,1131.3,1234.4,0.065,
22580068.png,777.9,944.5,876.5,1060.2,0.056,
22614097.png,438.1,806.9,515.2,897.0,0.090,
22614097.png,765.1,538.8,812.7,590.8,0.071,
22614097.png,382.9,765.9,563.8,948.6,0.066,
22670347.png,500.0,943.8,584.0,1042.3,0.086,
22670347.png,143.7,831.5,434.5,978.5,0.075,
22580492.png,1042.8,189.5,1288.2,406.6,0.111,
22580492.png,914.4,407.9,1023.2,529.3,0.095,
22580492.png,842.6,889.4,939.0,993.4,0.083,
22580492.png,978.7,911.5,1109.0,1015.7,0.057,
50993922.png,516.7,1017.2,628.2,1136.7,0.427,
50993922.png,906.5,1088.8,995.6,1156.0,0.382,
50993922.png,426.9,950.8,668.0,1182.7,0.259,
50993922.png,515.2,768.1,753.8,993.7,0.236,
50993922.png,505.8,951.3,538.4,990.1,0.225,
50993922.png,464.0,924.7,999.6,1262.9,0.204,
50993922.png,778.5,1129.8,867.6,1213.1,0.116,
50993922.png,978.6,585.1,1095.5,710.2,0.084,
50993922.png,400.3,750.0,906.6,1106.6,0.083,
50993922.png,785.9,1052.1,1008.9,1261.5,0.072,
50993922.png,718.6,956.8,834.5,1069.1,0.060,
50993922.png,515.4,1203.7,692.1,1401.4,0.059,
50993922.png,915.3,1093.8,958.4,1127.3,0.053,
22678646.png,35.0,785.5,234.4,992.7,0.223,
53587104.png,419.9,784.7,521.5,886.7,0.407,
53587104.png,450.1,796.1,502.2,847.9,0.133,
20588680.png,35.9,377.0,424.8,762.7,0.186,
22670465.png,101.2,338.9,301.0,592.2,0.940,
22670465.png,8.5,806.7,328.2,1304.1,0.926,
22670465.png,138.6,683.0,182.9,726.1,0.553,
22670465.png,119.9,642.1,225.6,752.5,0.509,
22670465.png,249.5,642.5,381.3,747.3,0.351,
22670465.png,317.6,660.8,370.7,723.8,0.331,
22670465.png,181.8,473.5,300.3,585.9,0.324,
22670465.png,122.2,615.3,325.0,858.0,0.220,
22670465.png,39.9,1133.9,158.4,1249.3,0.136,
22670465.png,239.6,507.6,284.0,552.2,0.125,
22670465.png,285.7,784.6,469.3,977.9,0.083,
22670465.png,334.8,860.4,438.6,957.7,0.081,
22670465.png,44.4,940.2,170.5,1064.5,0.075,
22670465.png,358.5,892.6,406.2,933.8,0.050,
53581860.png,283.2,853.1,399.9,987.9,0.191,
53581860.png,9.4,729.6,243.4,924.4,0.139,
53581860.png,14.7,801.3,424.5,1134.9,0.101,
53581860.png,7.4,772.0,107.7,896.9,0.070,
53581860.png,274.7,956.0,386.7,1078.7,0.062,
53581860.png,2.4,802.1,36.2,863.5,0.060,
53581860.png,2.5,1298.3,74.9,1428.8,0.054,
50996056.png,203.5,819.3,335.1,933.3,0.734,
50996056.png,133.4,788.9,420.4,982.6,0.258,
50996056.png,250.3,829.9,308.0,886.4,0.157,
50995789.png,1004.2,608.4,1059.3,661.7,0.542,
50995789.png,1137.0,731.5,1183.8,772.8,0.050,
20588046.png,977.7,1075.6,1180.4,1229.5,0.878,
20588046.png,894.4,994.3,1246.7,1301.6,0.318,
20588046.png,781.6,716.9,966.1,939.1,0.161,
20588046.png,807.2,763.9,904.9,855.4,0.060,
20588046.png,1029.0,1130.4,1115.0,1207.4,0.053,
50994868.png,76.9,744.9,177.4,888.1,0.274,
50994868.png,219.5,1187.2,408.7,1372.2,0.191,
50994868.png,289.8,1230.7,371.9,1333.8,0.116,
50994868.png,34.4,691.8,239.1,928.2,0.084,
50994868.png,6.8,473.8,156.3,722.0,0.067,
22614150.png,669.6,763.7,725.2,826.1,0.293,
22614150.png,543.2,831.6,603.3,889.1,0.256,
22614150.png,805.2,750.3,878.7,849.4,0.237,
22614150.png,519.7,805.9,636.7,910.7,0.159,
22614150.png,413.2,900.5,646.6,1093.3,0.072,
22614150.png,644.5,721.2,748.6,846.1,0.064,
22614150.png,729.7,701.4,915.8,888.7,0.056,
22678495.png,748.8,882.9,824.9,973.8,0.685,
22678495.png,1066.8,923.4,1239.5,1058.5,0.074,
22678495.png,774.9,811.1,1072.8,1124.9,0.068,
22670094.png,1174.4,445.5,1343.9,632.2,0.930,
22670094.png,1087.1,375.2,1385.0,742.2,0.206,
22580341.png,1024.4,703.9,1255.2,929.0,0.639,
22580341.png,808.8,604.4,1307.0,954.8,0.434,
22580341.png,1052.3,781.6,1184.8,891.0,0.395,
22580341.png,899.4,942.9,1259.3,1283.7,0.095,
22580341.png,1042.4,481.4,1083.8,515.5,0.073,
22580341.png,818.6,697.2,1053.9,904.8,0.068,
22580341.png,970.3,426.4,1296.7,775.6,0.052,
50997488.png,441.0,1065.7,547.4,1164.8,0.172,
50997488.png,12.4,602.5,327.6,963.1,0.088,
50997488.png,487.9,609.2,582.6,720.9,0.086,
50997488.png,332.2,773.7,570.3,1000.1,0.086,
50997488.png,28.0,712.1,146.8,830.9,0.073,
50997488.png,245.2,569.0,346.4,677.1,0.058,
50997488.png,121.7,805.4,326.0,1030.7,0.053,
22579847.png,743.8,543.3,1061.9,1008.6,0.299,
22579847.png,734.3,720.4,943.0,943.3,0.233,
22579847.png,1014.3,247.5,1293.8,425.8,0.148,
22579847.png,854.3,777.4,1099.4,984.2,0.122,
22579847.png,879.0,851.4,1008.4,964.1,0.088,
22579847.png,772.2,763.5,888.4,877.3,0.060,
22579847.png,1011.9,580.1,1072.8,640.7,0.057,
22579847.png,1116.6,403.2,1290.5,614.8,0.053,
22678518.png,300.1,790.7,497.0,990.0,0.224,
22678518.png,67.4,1123.4,186.1,1226.3,0.077,
22678518.png,100.1,1092.8,314.6,1268.7,0.068,
22678518.png,175.1,684.4,404.0,874.0,0.066,
50996083.png,1011.3,971.0,1161.1,1074.9,0.337,
50996083.png,964.3,676.9,1160.3,926.0,0.085,
50996083.png,934.6,849.4,1242.9,1192.6,0.060,
50996083.png,1049.0,999.9,1120.6,1057.2,0.050,
22678787.png,986.9,843.9,1307.0,1200.2,0.491,
22678787.png,654.8,702.4,772.3,810.5,0.461,
22678787.png,782.8,819.3,898.5,923.8,0.318,
22678787.png,685.4,446.2,796.2,564.3,0.269,
22678787.png,856.2,289.1,1136.5,464.1,0.241,
22678787.png,918.0,425.5,964.2,473.2,0.195,
22678787.png,686.3,373.5,1007.1,797.7,0.117,
22678787.png,637.0,403.5,870.4,632.8,0.089,
22678787.png,1081.4,1009.5,1246.2,1163.6,0.076,
22678787.png,592.8,653.5,833.3,858.6,0.055,
20588510.png,684.5,1212.5,797.7,1305.7,0.674,
20588510.png,618.2,693.1,823.6,924.1,0.402,
20588510.png,644.2,1157.7,849.7,1350.1,0.092,
20588510.png,671.9,718.0,786.1,836.1,0.077,
50994616.png,929.2,433.4,1195.2,611.6,0.106,
50994616.png,972.5,497.8,1119.9,593.3,0.095,
20586986.png,37.8,960.4,197.1,1080.7,0.884,
20586986.png,452.2,558.0,585.5,664.6,0.149,
20586986.png,1.0,876.5,297.5,1179.1,0.141,
20586986.png,296.8,725.6,403.6,812.6,0.137,
20586986.png,154.4,440.4,398.3,614.9,0.087,
20586986.png,329.6,750.9,384.9,794.9,0.086,
20586986.png,232.5,696.0,449.4,849.2,0.071,
20586986.png,532.7,855.1,657.0,969.6,0.068,
20586986.png,504.3,1008.5,621.1,1106.3,0.062,
24055051.png,110.0,892.5,280.7,1091.6,0.215,
51070197.png,1114.6,945.4,1257.8,1036.4,0.624,
51070197.png,757.8,771.8,1270.0,1077.3,0.351,
51070197.png,1032.1,913.8,1289.7,1085.9,0.333,
51070197.png,1181.5,968.3,1236.4,1023.6,0.182,
51070197.png,1090.1,520.3,1290.7,748.4,0.105,
51070197.png,1188.3,1000.3,1234.4,1043.1,0.082,
51070197.png,973.3,497.6,1051.5,572.2,0.074,
51070197.png,855.1,856.9,980.2,954.8,0.068,
51070197.png,807.3,813.0,1035.7,999.8,0.065,
51070197.png,1196.2,987.3,1227.9,1014.6,0.059,
50993643.png,294.6,889.3,561.5,1078.2,0.429,
50993643.png,399.6,957.7,515.7,1074.9,0.262,
50993643.png,281.1,484.1,514.4,681.9,0.141,
50998322.png,1212.0,135.0,1275.6,200.3,0.606,
50998322.png,1006.3,1073.1,1141.8,1161.4,0.474,
50998322.png,973.9,1032.8,1256.1,1199.8,0.274,
50998322.png,1029.9,1104.0,1092.5,1149.6,0.085,
50996881.png,948.1,591.2,1174.8,802.7,0.538,
50996881.png,1020.2,621.3,1144.6,733.8,0.064,
50996881.png,781.5,944.1,899.2,1053.2,0.051,
50998231.png,479.6,906.5,593.0,1006.3,0.156,
24055078.png,967.3,228.8,1154.3,489.6,0.145,
22670147.png,1024.2,492.1,1186.1,623.0,0.867,
22670147.png,712.2,1090.8,815.2,1210.6,0.179,
22670147.png,961.3,456.3,1264.4,716.0,0.127,
22670278.png,952.5,535.0,1077.7,678.6,0.909,
22670278.png,907.8,461.5,1129.3,750.7,0.395,
22670278.png,978.7,582.0,1049.8,653.5,0.052,
22614353.png,884.5,564.3,997.3,668.7,0.065,
20588164.png,1141.4,338.8,1303.2,563.4,0.146,
24055445.png,26.2,1071.7,100.7,1154.1,0.793,
24055445.png,3.1,1007.1,129.7,1220.8,0.407,
50999008.png,1140.1,597.6,1262.9,732.3,0.914,
50999008.png,1091.5,517.6,1303.0,847.3,0.134,
53586805.png,775.2,929.7,1002.4,1133.3,0.600,
53586805.png,860.3,1006.1,955.3,1104.6,0.300,
53586805.png,1054.7,726.0,1204.8,833.0,0.076,
22427682.png,888.9,679.0,1080.6,904.6,0.159,
22580192.png,882.8,648.9,1011.3,754.7,0.110,
24055203.png,3.2,632.2,296.5,1155.5,0.860,
24055203.png,399.3,1087.0,532.7,1184.2,0.417,
24055203.png,246.7,785.8,579.9,1211.8,0.348,
24055203.png,4.2,838.2,186.5,1033.6,0.321,
24055203.png,185.0,1212.5,422.3,1369.3,0.297,
24055203.png,324.6,853.5,445.7,968.3,0.270,
24055203.png,18.4,465.1,251.4,609.6,0.077,
24055203.png,91.6,748.6,258.4,859.4,0.074,
24055203.png,426.9,1113.6,486.3,1165.0,0.050,
53586442.png,854.6,895.2,1057.1,1072.9,0.120,
50996854.png,306.3,828.7,801.0,1106.2,0.112,
50996854.png,428.4,846.4,610.5,1060.5,0.081,
50996854.png,539.2,330.0,583.3,369.6,0.073,
50996854.png,534.3,1272.5,643.1,1348.4,0.062,
53581433.png,174.0,923.4,287.1,1024.0,0.079,
53581433.png,260.1,655.5,370.5,755.9,0.074,
22580015.png,967.2,738.4,1051.7,831.4,0.136,
22580015.png,939.7,634.1,1111.7,868.8,0.072,
22580015.png,837.5,463.3,1096.9,667.8,0.070,
53586896.png,553.8,1077.3,643.9,1155.6,0.254,
53586896.png,504.6,1036.1,687.0,1198.3,0.111,
53586896.png,567.7,868.8,668.8,958.5,0.077,
53586896.png,666.9,783.3,765.4,870.2,0.053,
22579893.png,1179.1,832.0,1227.1,882.7,0.119,
22579893.png,899.6,1344.8,979.9,1418.0,0.071,
22579893.png,875.0,584.9,1274.6,953.4,0.060,
22579893.png,687.6,916.0,730.5,965.0,0.059,
53582818.png,891.9,533.5,1013.7,628.6,0.100,
22670703.png,440.5,628.4,543.0,733.5,0.061,
53586751.png,1335.7,355.0,1385.0,478.5,0.643,
53586751.png,784.8,940.4,1037.5,1133.5,0.209,
53586751.png,929.7,991.9,1073.7,1093.1,0.112,
53586751.png,1204.4,292.6,1385.0,533.2,0.102,
50993814.png,776.9,1113.8,927.5,1208.0,0.448,
50993814.png,704.4,767.6,1023.1,1240.8,0.238,
50993814.png,504.2,928.0,731.4,1145.9,0.206,
50993814.png,785.0,1033.4,1082.8,1199.1,0.172,
50993814.png,911.0,1069.3,1036.2,1159.4,0.156,
50993814.png,460.2,671.0,997.4,1002.1,0.141,
50993814.png,809.7,1286.0,934.1,1396.0,0.133,
50993814.png,591.0,1186.1,715.6,1299.9,0.130,
50993814.png,598.0,727.1,830.8,952.0,0.087,
50993814.png,682.2,1063.5,1051.1,1428.5,0.073,
50993814.png,821.9,814.2,1049.3,1029.4,0.068,
50993814.png,605.2,870.6,629.5,892.8,0.054,
53582304.png,667.7,798.0,869.7,1040.9,0.074,
22678694.png,4.0,1087.0,191.2,1269.6,0.325,
22678694.png,196.2,603.4,294.0,721.5,0.284,
22678694.png,100.8,499.7,146.2,549.2,0.123,
22678694.png,25.9,568.4,280.0,785.2,0.083,
22678694.png,158.2,376.2,268.3,499.0,0.054,
20587226.png,141.0,907.8,333.5,1142.7,0.086,
20587226.png,40.9,883.0,220.7,1108.4,0.075,
53587041.png,789.1,1046.5,901.9,1157.6,0.149,
50998467.png,400.5,681.9,495.3,843.2,0.168,
50998467.png,415.4,678.6,467.2,727.3,0.055,
53586869.png,633.9,802.8,784.8,994.3,0.099,
53586869.png,578.3,1248.5,657.3,1312.9,0.077,
53587454.png,1002.9,634.0,1126.1,749.4,0.558,
53587454.png,615.6,1129.7,748.3,1233.9,0.297,
53587454.png,1256.9,1527.0,1295.5,1578.6,0.266,
53587454.png,736.5,473.6,913.6,688.0,0.191,
53587454.png,1024.9,465.3,1132.5,599.5,0.150,
53587454.png,895.5,446.9,1012.6,561.5,0.147,
53587454.png,880.9,407.9,1146.4,603.8,0.099,
53587454.png,804.3,748.9,989.7,978.3,0.099,
53587454.png,806.2,1080.9,870.0,1138.4,0.099,
53587454.png,557.9,668.6,755.5,878.7,0.054,
53587454.png,900.5,593.5,1149.6,788.3,0.054,
50996110.png,191.4,950.3,295.1,1064.7,0.368,
50996110.png,222.7,1005.5,278.5,1061.3,0.085,
53587572.png,552.3,919.0,658.8,1045.2,0.538,
53587572.png,184.7,865.3,666.8,1191.1,0.094,
53587572.png,254.7,882.9,441.0,1103.2,0.084,
53587572.png,492.6,1169.7,543.6,1221.6,0.051,
20588138.png,825.4,1012.0,953.4,1125.4,0.391,
20588138.png,1037.7,979.8,1156.6,1089.7,0.335,
50994408.png,1107.9,1044.6,1273.3,1234.1,0.141,
50994408.png,1122.5,486.4,1290.6,668.2,0.056,
20586934.png,37.7,813.8,165.9,934.7,0.869,
20586934.png,2.3,759.4,242.1,986.4,0.549,
20586934.png,87.1,429.9,154.3,494.5,0.371,
20586934.png,215.3,663.1,395.1,889.8,0.239,
20586934.png,404.9,468.3,524.4,574.9,0.231,
20586934.png,64.7,355.0,293.7,541.5,0.188,
20586934.png,320.1,821.8,386.0,875.6,0.138,
20586934.png,303.4,712.3,349.2,757.3,0.118,
20586934.png,268.5,792.4,413.5,891.5,0.098,
20586934.png,308.1,1004.5,419.5,1089.4,0.086,
20586934.png,37.0,649.1,584.7,960.3,0.060,
50996709.png,854.2,475.5,1223.4,835.3,0.310,
50996709.png,1347.9,1028.4,1385.0,1066.3,0.169,
50996709.png,778.1,811.2,816.6,853.5,0.086,
50996709.png,1324.0,1035.2,1378.9,1088.3,0.082,
50996709.png,835.0,640.2,921.1,770.7,0.063,
50996709.png,1028.1,674.3,1089.4,735.5,0.060,
50999300.png,4.0,472.8,213.3,671.1,0.275,
50994191.png,1228.6,402.0,1292.3,487.9,0.230,
50994191.png,1060.2,664.6,1265.2,887.7,0.156,
50994191.png,1105.0,724.3,1216.3,841.6,0.094,
20587810.png,248.4,1011.3,674.7,1244.7,0.083,
20587810.png,444.0,750.4,680.1,1000.9,0.083,
53581887.png,796.0,952.0,886.5,1089.4,0.148,
53581887.png,911.4,691.8,1030.0,802.7,0.139,
22580270.png,490.8,739.4,609.8,845.5,0.068,
30011647.png,913.5,620.6,958.6,663.1,0.167,
30011647.png,885.5,591.4,984.7,688.7,0.099,
30011647.png,682.9,588.1,959.3,772.4,0.095,
50994535.png,919.7,834.9,1015.4,931.7,0.263,
50994535.png,862.8,797.7,1071.4,971.5,0.141,
50994535.png,1088.5,542.8,1202.0,664.2,0.089,
50994535.png,715.9,798.3,820.3,944.1,0.071,
50994535.png,714.7,785.6,1112.1,1112.8,0.059,
22579916.png,369.1,777.7,481.2,891.7,0.545,
22579916.png,342.8,728.9,552.6,945.2,0.297,
22579916.png,141.2,1227.4,192.9,1273.6,0.277,
22579916.png,119.4,1198.7,214.6,1299.1,0.204,
22579916.png,195.4,877.3,314.2,987.6,0.151,
22579916.png,405.3,831.4,466.5,900.1,0.147,
22579916.png,83.6,406.5,189.6,527.2,0.087,
22579916.png,400.7,1189.9,462.7,1260.0,0.063,
22579916.png,12.8,862.3,411.3,1165.0,0.055,
22579916.png,87.5,1131.3,261.7,1320.4,0.053,
53580611.png,356.5,1035.3,402.3,1076.0,0.194,
53580611.png,332.1,1010.7,438.9,1103.8,0.081,
53580611.png,528.0,1195.6,645.5,1315.3,0.066,
50997769.png,937.4,826.9,991.6,873.0,0.124,
50997769.png,914.3,805.3,1012.7,893.6,0.057,
20587664.png,997.1,346.6,1146.9,481.3,0.942,
20587664.png,1283.7,1031.6,1384.6,1281.9,0.468,
20587664.png,918.0,270.2,1218.5,547.0,0.348,
20587664.png,1159.1,1210.2,1248.2,1317.7,0.332,
20587664.png,1289.7,1090.3,1373.1,1176.6,0.135,
20587664.png,1131.0,1054.8,1381.5,1372.4,0.117,
20587664.png,1173.9,1230.9,1210.0,1260.8,0.065,
53586415.png,105.7,689.1,175.6,755.2,0.221,
22614499.png,939.6,581.3,999.7,645.2,0.311,
22614499.png,925.8,558.1,1036.0,676.5,0.214,
22614499.png,1056.9,416.7,1140.7,516.1,0.193,
22614499.png,1078.7,428.5,1128.3,477.0,0.183,
22614499.png,922.8,287.5,1276.6,666.8,0.159,
22614499.png,1143.7,930.6,1205.7,992.3,0.108,
22614499.png,980.8,1243.7,1085.2,1338.2,0.104,
22614499.png,1165.2,756.0,1297.0,856.1,0.065,
24065270.png,1035.7,1022.2,1117.5,1102.9,0.092,
24065270.png,970.3,944.6,1188.9,1137.2,0.074,
22580098.png,262.2,1131.6,536.8,1310.4,0.773,
22580098.png,337.6,1164.6,456.9,1271.4,0.541,
22580098.png,511.4,783.4,634.7,891.3,0.197,
22580098.png,445.0,659.4,568.0,764.7,0.192,
22580098.png,413.9,651.1,643.0,880.8,0.112,
22580098.png,600.1,1162.5,673.4,1221.9,0.109,
22580098.png,68.4,506.2,120.9,557.5,0.106,
22580098.png,607.9,961.5,686.7,1053.0,0.105,
22580098.png,397.4,1200.1,453.2,1248.8,0.100,
22580098.png,549.9,907.1,759.2,1096.9,0.071,
22580098.png,280.8,806.7,695.7,1123.8,0.053,
22580098.png,318.4,899.9,544.5,1070.4,0.050,
51049682.png,331.6,694.8,393.6,758.8,0.266,
51049682.png,199.9,1001.7,279.0,1094.8,0.076,
51049682.png,97.4,698.1,427.7,1126.1,0.075,
51049682.png,183.3,849.7,309.4,955.0,0.062,
51049682.png,200.6,779.7,481.4,964.6,0.053,
22614127.png,810.9,697.1,1010.9,897.9,0.752,
22614127.png,948.6,1293.0,1007.6,1349.7,0.421,
22614127.png,744.7,562.0,1073.2,996.7,0.258,
22614127.png,1214.8,215.8,1385.0,380.7,0.090,
22614127.png,927.3,1266.9,1040.5,1374.7,0.076,
22614127.png,720.7,870.7,828.4,976.6,0.071,
20587148.png,984.1,611.8,1144.7,757.8,0.161,
20588458.png,1104.4,355.5,1305.9,534.0,0.109,
20588458.png,821.8,769.9,1277.2,1010.8,0.098,
20588458.png,913.1,529.3,1032.4,668.0,0.057,
20588458.png,944.2,844.4,1056.5,978.3,0.054,
20588458.png,1082.7,969.8,1195.0,1082.9,0.053,
20588458.png,614.3,809.2,652.4,845.9,0.052,
50999459.png,332.0,656.6,562.4,860.4,0.969,
50999459.png,158.2,573.5,622.2,939.7,0.326,
53580804.png,46.3,987.1,194.7,1107.4,0.792,
53580804.png,28.8,120.9,86.1,184.9,0.462,
53580804.png,10.8,665.1,109.2,772.3,0.345,
53580804.png,26.3,933.8,344.9,1171.1,0.290,
53580804.png,30.5,713.7,76.6,753.9,0.126,
53580804.png,1.5,587.6,181.9,795.5,0.077,
53580804.png,39.9,673.8,91.2,728.1,0.065,
53580804.png,72.8,1031.9,143.4,1093.3,0.057,
50995990.png,143.9,545.5,322.1,754.1,0.203,
50994164.png,149.3,848.6,307.5,1058.4,0.301,
50994164.png,4.5,482.2,174.6,721.1,0.103,
50994164.png,90.3,1113.5,185.8,1209.2,0.069,
24055600.png,982.6,1043.1,1247.7,1213.2,0.766,
24055600.png,1038.4,1080.3,1150.2,1173.0,0.381,
24055600.png,914.0,556.8,1356.4,839.0,0.351,
24055600.png,772.2,868.4,903.1,973.1,0.339,
24055600.png,882.4,613.5,1112.4,807.1,0.084,
24055600.png,946.3,873.5,995.0,914.3,0.078,
24055600.png,912.8,852.9,1035.6,949.9,0.076,
22614379.png,27.5,1251.1,340.8,1499.2,0.881,
22614379.png,148.5,1297.2,293.6,1425.8,0.474,
22614379.png,265.2,455.0,380.5,553.4,0.108,
22614379.png,302.8,472.9,360.7,528.7,0.088,
22614379.png,476.0,761.2,563.1,848.3,0.055,
22678472.png,158.2,706.3,349.2,932.8,0.179,
22678472.png,263.0,796.7,359.6,904.5,0.136,
22678472.png,145.6,772.1,277.7,875.7,0.113,
22678472.png,200.7,801.0,271.3,857.0,0.056,
22613650.png,17.8,575.8,221.9,808.6,0.924,
22613650.png,175.5,526.1,596.7,852.1,0.052,
50993616.png,169.1,1068.1,705.2,1361.9,0.573,
50993616.png,344.4,1157.9,491.3,1259.9,0.136,
50993616.png,510.3,1089.7,580.0,1180.1,0.100,
50993616.png,486.5,1040.4,688.4,1276.7,0.100,
50993616.png,385.4,1125.9,570.4,1348.0,0.071,
50993616.png,169.4,238.2,227.1,318.8,0.058,
50993616.png,253.5,1114.4,458.8,1318.2,0.057,
53581006.png,645.1,1084.0,729.0,1165.0,0.094,
53581006.png,921.0,608.7,1007.7,696.7,0.093,
51049655.png,934.0,809.7,997.3,870.7,0.300,
51049655.png,726.4,753.7,1115.9,1127.8,0.298,
51049655.png,863.8,896.5,1070.9,1094.2,0.129,
51049655.png,1041.2,880.6,1095.3,934.1,0.097,
51049655.png,1036.8,288.3,1158.7,372.8,0.074,
51049655.png,792.4,841.5,961.7,1065.8,0.054,
24055654.png,940.4,839.0,1173.0,1040.3,0.869,
24055654.png,1177.7,697.3,1307.1,801.7,0.566,
24055654.png,1058.7,933.1,1111.5,988.3,0.386,
24055654.png,1018.3,903.1,1127.9,1012.6,0.341,
24055654.png,1104.5,652.9,1331.3,855.6,0.238,
24055654.png,1221.9,724.9,1276.5,769.7,0.148,
24055654.png,1003.0,462.5,1122.0,590.5,0.127,
24055654.png,981.4,865.4,1077.4,979.6,0.080,
24055382.png,883.0,380.2,1084.4,581.5,0.077,
24055382.png,887.3,420.9,990.5,531.1,0.061,
24065761.png,1289.9,410.8,1368.4,495.6,0.902,
24065761.png,1254.1,375.6,1385.0,568.8,0.674,
24065761.png,1285.9,532.2,1337.2,590.9,0.068,
20587836.png,1158.8,381.1,1287.6,506.7,0.204,
20587836.png,880.5,321.5,1300.7,596.1,0.141,
50994327.png,10.8,1004.3,242.0,1201.0,0.623,
50994327.png,109.1,1019.5,197.5,1111.2,0.146,
50994327.png,155.6,733.4,403.8,954.8,0.052,
22579870.png,127.8,831.8,247.2,934.1,0.570,
22579870.png,91.8,746.0,282.1,976.2,0.466,
22579870.png,105.4,621.0,572.8,962.7,0.159,
22579870.png,195.3,840.8,250.9,898.8,0.058,
22579870.png,414.0,619.5,522.6,719.3,0.052,
24055149.png,130.8,554.4,582.3,988.4,0.894,
24055149.png,153.6,659.7,343.3,904.5,0.817,
24055149.png,185.2,1269.8,326.9,1378.6,0.229,
24055149.png,494.5,1106.0,523.3,1131.3,0.190,
24055149.png,407.8,1098.3,538.4,1206.7,0.176,
24055149.png,182.9,1204.5,499.5,1382.2,0.166,
24055149.png,366.1,965.8,581.8,1195.4,0.065,
24055149.png,362.5,621.3,554.1,862.5,0.055,
30011530.png,1146.0,1058.3,1270.0,1158.5,0.136,
30011530.png,1239.0,1210.6,1289.8,1265.3,0.087,
50994895.png,983.9,621.9,1190.1,814.1,0.729,
50994895.png,1002.1,459.3,1144.6,589.3,0.706,
50994895.png,1024.2,694.9,1115.4,781.7,0.352,
50994895.png,939.2,416.0,1222.1,643.5,0.235,
50994895.png,1118.7,774.0,1238.2,885.3,0.083,
50994895.png,912.8,510.2,1286.8,880.0,0.079,
50994895.png,1053.4,644.4,1138.7,757.9,0.065,
50994895.png,1022.5,821.2,1132.0,948.2,0.059,
50994895.png,968.4,839.4,1131.3,1093.8,0.051,
50994110.png,78.5,1039.3,199.0,1148.0,0.313,
50994110.png,211.0,688.1,410.0,928.1,0.254,
50994110.png,54.9,953.5,276.3,1171.1,0.239,
50994110.png,236.8,740.4,351.1,864.7,0.052,
20588216.png,32.5,745.0,154.3,876.8,0.845,
20588216.png,5.6,653.0,185.5,1007.5,0.319,
20588216.png,157.4,1200.2,387.9,1377.0,0.155,
20588216.png,189.0,477.9,246.7,537.4,0.081,
53587599.png,216.0,1097.1,257.1,1131.9,0.118,
53587599.png,565.3,639.6,648.4,729.6,0.108,
53587599.png,506.1,606.7,682.5,807.3,0.059,
50996201.png,111.3,619.5,330.2,844.9,0.117,
50996201.png,50.9,503.7,525.0,826.4,0.086,
50996201.png,498.7,945.3,554.0,1015.7,0.075,
50996137.png,1072.0,473.1,1263.8,683.4,0.631,
50996137.png,1123.1,523.9,1228.6,637.6,0.591,
24065380.png,432.1,504.3,558.3,627.4,0.128,
53580831.png,972.9,937.1,1066.8,1054.9,0.441,
53580831.png,1194.1,1099.5,1315.9,1201.3,0.199,
53580831.png,1022.1,372.3,1093.8,434.2,0.079,
53580831.png,1094.9,1146.8,1148.0,1197.0,0.077,
53580831.png,1109.5,1027.7,1342.4,1238.1,0.071,
53580831.png,1087.7,944.8,1210.6,1044.4,0.055,
50999327.png,1030.7,807.2,1083.2,858.3,0.102,
50999327.png,685.0,666.9,771.3,770.5,0.076,
50999327.png,835.4,448.5,1137.3,900.7,0.052,
22613944.png,300.0,822.4,471.1,1045.7,0.099,
50997304.png,947.9,323.0,1306.1,610.3,0.649,
50997304.png,679.6,658.4,1064.3,1010.2,0.638,
50997304.png,868.3,419.7,1162.7,829.1,0.425,
50997304.png,737.9,762.9,921.4,968.0,0.338,
50997304.png,996.6,457.2,1110.3,582.1,0.308,
50997304.png,1129.4,360.6,1283.7,460.7,0.295,
50997304.png,743.3,842.6,802.2,896.5,0.246,
50997304.png,926.8,1116.4,965.4,1153.0,0.204,
50997304.png,963.6,533.7,1080.4,657.3,0.120,
50997304.png,1205.8,368.6,1277.3,418.5,0.119,
50997304.png,1106.2,389.4,1221.5,520.3,0.095,
50997304.png,1046.7,478.4,1098.2,524.9,0.064,
50997304.png,712.1,798.4,805.9,929.5,0.050,
20587638.png,17.1,1381.9,181.9,1469.3,0.155,
22579730.png,854.1,417.6,1071.3,705.9,0.962,
22579730.png,1056.9,423.7,1151.0,525.9,0.824,
22579730.png,1070.9,444.5,1123.4,498.2,0.553,
22579730.png,898.7,474.8,1038.7,595.5,0.247,
22579730.png,1019.7,388.4,1210.2,573.0,0.154,
22427728.png,662.8,1014.6,850.8,1236.8,0.193,
20588536.png,229.3,290.0,434.0,462.5,0.656,
20588536.png,381.2,1111.6,496.9,1208.5,0.389,
20588536.png,397.9,560.8,507.3,671.4,0.348,
20588536.png,88.6,236.4,525.7,567.6,0.319,
20588536.png,249.6,325.1,348.3,426.4,0.232,
20588536.png,349.9,531.2,575.8,740.3,0.095,
20588536.png,541.5,1026.7,772.9,1266.0,0.092,
20588536.png,328.7,1065.5,539.9,1248.3,0.077,
20588536.png,637.1,1224.7,759.9,1352.3,0.071,
30011507.png,62.1,1094.2,132.8,1178.7,0.817,
30011507.png,19.2,1044.6,174.6,1214.6,0.409,
30011507.png,100.2,918.9,153.4,982.9,0.065,
30011507.png,18.9,552.2,149.4,660.0,0.054,
50994841.png,882.5,707.9,1019.5,830.9,0.856,
50994841.png,856.1,568.0,1115.1,970.6,0.554,
50994841.png,1020.7,1130.6,1168.0,1317.3,0.187,
50994841.png,988.4,603.7,1041.8,665.3,0.179,
50994841.png,965.9,784.4,1003.1,822.0,0.120,
50994841.png,900.2,746.3,956.0,811.6,0.070,
50994841.png,953.2,797.7,986.7,832.0,0.064,
50994841.png,1105.9,746.2,1176.5,838.8,0.054,
53581237.png,1026.7,933.6,1113.6,1035.0,0.535,
53581237.png,665.8,868.2,776.9,1006.0,0.511,
53581237.png,995.0,895.3,1155.5,1080.9,0.300,
53581237.png,831.9,898.6,882.4,948.1,0.205,
53581237.png,611.4,776.9,808.7,1063.6,0.185,
53581237.png,629.5,882.3,1122.1,1164.6,0.061,
50997080.png,409.5,587.4,517.5,701.8,0.147,
50997080.png,357.8,720.7,577.5,906.2,0.077,
53580638.png,1302.0,984.1,1337.1,1013.5,0.173,
53580638.png,873.5,761.7,1110.5,944.1,0.090,
53580638.png,1285.1,961.2,1341.5,1025.8,0.057,
53580638.png,1196.8,219.2,1258.2,291.0,0.055,
50993895.png,253.7,981.9,356.8,1088.5,0.372,
50993895.png,273.5,1022.5,328.5,1074.8,0.156,
50993895.png,216.5,1092.4,345.0,1204.8,0.126,
50993895.png,320.8,869.5,671.5,1230.5,0.066,
50993895.png,450.0,691.5,516.6,780.2,0.063,
50993895.png,345.7,891.6,464.0,1007.0,0.062,
50993895.png,159.8,519.0,385.3,727.4,0.052,
50993895.png,200.5,911.8,390.4,1113.4,0.051,
50998580.png,365.1,540.2,458.2,646.1,0.376,
50998580.png,287.3,488.6,511.3,667.3,0.309,
50998580.png,359.2,542.7,406.6,583.8,0.232,
50998580.png,169.3,408.9,485.8,781.5,0.099,
22670855.png,1130.4,751.4,1285.9,853.4,0.347,
22670855.png,1022.9,690.2,1357.1,923.1,0.226,
22670855.png,958.9,934.3,1060.5,1010.0,0.172,
22670855.png,980.3,946.6,1030.7,986.8,0.106,
22670511.png,95.9,814.2,426.2,1229.9,0.863,
22670511.png,165.3,515.4,402.7,767.2,0.566,
22670511.png,260.2,618.7,470.8,815.4,0.287,
22670511.png,27.7,578.4,541.5,1017.1,0.225,
22670511.png,134.1,1057.3,191.7,1110.3,0.106,
22670511.png,251.8,792.4,358.6,932.7,0.092,
22670511.png,270.4,610.5,360.2,730.5,0.080,
22670511.png,426.2,780.5,484.7,847.8,0.069,
22670511.png,180.3,905.3,264.0,1020.8,0.065,
22670511.png,210.2,763.0,429.0,1001.4,0.057,
51049543.png,1155.6,856.7,1306.0,950.4,0.726,
51049543.png,1253.4,884.3,1303.4,943.3,0.460,
51049543.png,817.1,637.6,1141.7,1067.1,0.409,
51049543.png,1211.1,487.3,1291.1,552.0,0.291,
51049543.png,1172.1,428.3,1307.0,614.0,0.127,
51049543.png,817.8,727.6,941.1,832.0,0.116,
51049543.png,991.1,368.0,1307.0,683.2,0.096,
51049543.png,1088.5,633.3,1134.6,678.8,0.083,
51049543.png,755.8,709.1,1005.4,889.3,0.081,
51049543.png,937.0,324.2,1091.6,489.7,0.079,
51049543.png,857.4,771.6,905.2,812.6,0.067,
51049543.png,1252.3,872.7,1291.0,910.6,0.055,
22678953.png,1116.2,383.8,1231.6,488.8,0.537,
22678953.png,1140.4,405.9,1196.8,453.2,0.466,
22678953.png,1221.1,911.6,1331.7,1018.7,0.178,
22678953.png,897.6,573.6,1007.8,688.0,0.137,
22678953.png,1080.5,346.9,1289.8,566.1,0.083,
22678953.png,1112.0,402.7,1379.0,735.8,0.078,
22678953.png,996.1,1066.1,1092.1,1154.3,0.076,
22678953.png,875.1,522.9,1067.4,767.3,0.070,
22678953.png,982.9,823.1,1082.4,933.2,0.054,
50999432.png,409.6,724.5,567.3,909.5,0.920,
50999432.png,300.7,676.0,637.7,967.8,0.720,
50996228.png,7.7,499.4,449.2,945.4,0.587,
50996228.png,185.3,704.6,410.1,906.6,0.405,
50996228.png,11.0,433.5,294.6,646.8,0.097,
50996228.png,221.7,770.7,324.1,870.1,0.084,
50996800.png,591.7,693.6,708.8,819.1,0.149,
50996800.png,635.0,1292.2,778.7,1380.9,0.097,
22678980.png,266.8,902.2,451.4,1105.7,0.227,
22678980.png,6.9,443.4,389.5,780.6,0.202,
22678980.png,12.4,456.2,118.4,605.3,0.167,
22678980.png,483.2,651.2,552.4,724.4,0.120,
22678980.png,117.8,566.1,235.0,694.1,0.067,
22613624.png,923.5,413.3,1037.8,535.8,0.227,
27829161.png,461.9,794.6,516.0,852.5,0.178,
27829161.png,453.5,822.4,556.7,941.6,0.067,
27829161.png,354.7,638.9,478.5,755.3,0.065,
20588072.png,57.3,697.1,117.2,754.2,0.675,
20588072.png,25.9,657.8,135.4,776.8,0.370,
20588072.png,381.3,661.8,424.9,691.6,0.056,
20588072.png,543.1,1103.0,606.6,1157.0,0.055,
20588072.png,524.0,1053.8,632.5,1178.0,0.055,
20588072.png,175.5,848.7,618.0,1161.1,0.053,
53586960.png,104.2,700.7,418.7,881.0,0.653,
53586960.png,317.9,801.2,384.0,855.4,0.233,
53586960.png,281.2,760.1,419.4,864.7,0.161,
53586960.png,153.8,739.0,296.1,844.3,0.077,
53582449.png,341.4,841.8,391.1,898.8,0.052,
20586960.png,885.6,529.6,1008.5,628.6,0.383,
20586960.png,742.3,685.8,841.0,767.6,0.378,
20586960.png,899.7,875.9,937.6,904.9,0.273,
20586960.png,713.5,637.0,871.3,823.0,0.228,
20586960.png,845.3,507.2,1125.9,715.8,0.183,
20586960.png,597.4,606.4,1003.2,971.3,0.140,
20586960.png,873.5,837.0,967.9,936.4,0.138,
20586960.png,902.6,545.8,957.1,591.9,0.079,
50998494.png,915.5,675.6,985.4,763.3,0.129,
50998494.png,920.3,689.7,961.1,733.2,0.099,
50998494.png,851.5,693.9,907.5,753.2,0.077,
50998494.png,940.7,670.5,979.2,714.1,0.074,
50994814.png,273.2,1065.0,391.3,1162.4,0.625,
50994814.png,188.3,1032.5,430.8,1196.3,0.137,
50994814.png,227.2,715.6,349.1,827.9,0.103,
50994814.png,88.7,872.8,467.7,1227.8,0.095,
50994814.png,355.4,541.2,455.7,662.1,0.055,
50994814.png,186.1,648.2,403.3,868.1,0.054,
50997250.png,706.2,594.2,1085.7,974.0,0.360,
50997250.png,912.1,945.5,1145.4,1149.7,0.355,
50997250.png,659.3,966.0,754.8,1111.3,0.313,
50997250.png,1018.7,989.9,1073.6,1048.0,0.309,
50997250.png,912.7,1078.9,957.0,1119.6,0.299,
50997250.png,677.4,999.7,720.3,1050.4,0.265,
50997250.png,888.3,1037.3,988.8,1145.8,0.244,
50997250.png,890.7,1041.8,1089.3,1257.9,0.166,
50997250.png,839.7,665.0,893.0,714.0,0.149,
50997250.png,1014.6,959.0,1126.8,1072.1,0.130,
50997250.png,748.6,601.2,957.3,773.5,0.128,
50997250.png,664.6,890.1,1188.4,1226.1,0.107,
50997250.png,945.5,1156.5,1072.5,1256.6,0.096,
50997250.png,822.2,799.0,914.3,903.8,0.095,
50997250.png,898.0,728.6,1112.4,952.7,0.091,
50997250.png,936.7,783.5,1049.5,901.1,0.074,
50997250.png,969.7,1122.1,1027.5,1191.3,0.074,
50997250.png,935.7,654.8,1077.4,757.9,0.073,
50997250.png,713.0,1066.0,758.6,1106.6,0.070,
50997250.png,745.0,845.3,793.3,909.0,0.063,
50997250.png,665.8,998.4,926.9,1189.7,0.062,
50997250.png,989.6,1395.5,1023.4,1428.5,0.062,
50997250.png,972.1,1173.8,1038.8,1227.4,0.059,
50997250.png,695.3,1016.2,811.7,1122.4,0.058,
50997250.png,768.6,1006.3,803.6,1044.1,0.055,
50997250.png,921.6,1057.7,964.8,1101.5,0.054,
20588020.png,523.7,921.6,571.2,974.9,0.277,
20588020.png,492.8,892.2,589.9,1015.0,0.135,
20588020.png,135.9,519.7,285.0,608.0,0.088,
53581151.png,14.7,570.5,112.8,678.1,0.571,
53581151.png,3.3,491.7,349.1,821.1,0.284,
53581151.png,18.2,411.4,150.4,542.8,0.114,
53581151.png,208.3,849.9,317.4,968.6,0.110,
53581151.png,10.9,748.9,354.3,1130.4,0.108,
53581151.png,36.3,1017.5,92.1,1075.7,0.080,
53580885.png,1160.7,419.0,1340.2,636.1,0.116,
50998204.png,1269.7,286.3,1353.5,409.1,0.081,
50998032.png,745.2,418.2,1137.7,749.6,0.320,
50998032.png,902.4,581.1,1050.5,683.2,0.139,
50998032.png,1032.2,549.8,1150.0,684.0,0.104,
50993399.png,401.9,1026.2,629.8,1213.3,0.282,
50993399.png,458.5,1062.6,578.8,1164.2,0.173,
50993399.png,316.8,832.3,546.7,1045.7,0.105,
24055328.png,799.0,510.3,890.5,631.2,0.113,
24055328.png,698.0,961.7,809.6,1095.3,0.055,
24055328.png,821.2,546.3,878.4,599.5,0.055,
24055328.png,803.4,564.8,859.9,618.4,0.053,
26933772.png,1075.1,761.6,1267.4,995.7,0.069,
26933772.png,1052.8,601.3,1282.4,838.0,0.052,
53582656.png,9.0,715.7,446.7,1176.8,0.859,
53582656.png,11.2,754.0,195.4,921.3,0.594,
53582656.png,11.9,954.1,286.2,1172.3,0.543,
53582656.png,10.4,553.5,298.5,940.0,0.343,
53582656.png,94.6,611.4,224.0,729.3,0.194,
53582656.png,26.7,529.4,70.5,588.5,0.119,
53582656.png,57.2,979.1,190.2,1100.4,0.098,
53582656.png,187.3,825.1,398.8,1055.7,0.051,
53582422.png,829.3,1119.2,981.5,1294.9,0.088,
22678810.png,338.6,772.6,449.9,884.5,0.444,
22678810.png,319.9,687.0,497.3,925.3,0.217,
22678810.png,218.5,536.7,574.9,903.6,0.055,
22678810.png,410.5,513.1,535.7,642.0,0.050,
51049489.png,986.7,580.2,1029.2,621.1,0.396,
51049489.png,761.6,664.3,1034.9,882.1,0.383,
51049489.png,963.1,548.3,1057.2,655.1,0.224,
51049489.png,1170.5,124.7,1301.1,207.5,0.222,
51049489.png,852.5,703.8,990.0,815.5,0.171,
51049489.png,886.3,524.3,1066.2,775.7,0.114,
51049489.png,997.7,596.9,1039.0,639.9,0.103,
51049489.png,1022.4,1048.4,1088.2,1104.2,0.097,
51049489.png,1049.5,663.0,1158.7,776.5,0.070,
51049489.png,760.2,1072.3,1036.8,1248.5,0.059,
51049489.png,959.8,586.3,1163.7,803.4,0.053,
24065530.png,49.6,1174.2,286.4,1390.9,0.597,
24065530.png,10.7,959.4,425.6,1329.6,0.366,
24065530.png,107.9,941.6,350.9,1149.6,0.220,
24065530.png,221.7,1143.7,393.6,1336.6,0.085,
22670177.png,484.3,670.9,610.6,767.4,0.075,
22670177.png,286.1,959.2,325.1,991.5,0.061,
50997624.png,1357.7,722.5,1385.0,751.6,0.057,
50997624.png,1126.5,1099.3,1164.2,1133.5,0.054,
50994273.png,1118.5,169.8,1230.7,298.3,0.353,
53581769.png,186.7,1031.7,348.7,1211.7,0.410,
53581769.png,397.0,733.9,498.2,846.2,0.084,
50997277.png,324.1,1106.0,424.6,1249.6,0.543,
50997277.png,4.2,448.8,193.8,661.2,0.537,
50997277.png,223.8,908.9,334.3,1040.0,0.510,
50997277.png,197.0,828.5,432.9,1080.9,0.445,
50997277.png,4.0,429.1,422.5,757.8,0.279,
50997277.png,173.5,1048.7,216.7,1090.9,0.243,
50997277.png,136.1,595.9,360.8,834.6,0.173,
50997277.png,23.1,508.7,123.3,615.9,0.147,
50997277.png,174.0,979.9,416.2,1225.5,0.142,
50997277.png,141.1,1024.1,248.0,1116.2,0.123,
50997277.png,182.9,446.3,340.6,582.4,0.113,
50997277.png,248.1,722.2,304.0,775.4,0.106,
50997277.png,221.2,707.6,338.7,816.9,0.083,
50997277.png,28.2,713.9,607.4,1066.6,0.074,
50997277.png,3.2,1312.7,128.3,1406.7,0.068,
50997277.png,101.0,906.8,161.4,953.3,0.057,
22427864.png,22.2,475.1,148.4,572.2,0.410,
22427864.png,245.9,612.5,344.1,707.8,0.133,
22427864.png,3.7,320.6,361.7,592.7,0.075,
22427864.png,266.1,639.5,315.7,683.1,0.064,
24055627.png,113.7,525.0,225.7,636.4,0.365,
24055627.png,60.1,472.8,326.6,657.6,0.063,
24055627.png,122.2,927.7,361.2,1134.5,0.061,
22580520.png,21.4,346.9,497.9,673.5,0.639,
22580520.png,31.6,448.5,231.9,647.8,0.328,
22580520.png,476.8,750.7,526.2,815.9,0.181,
22580520.png,235.5,557.1,553.1,977.4,0.161,
22580520.png,379.7,670.3,420.3,707.5,0.145,
22580520.png,423.4,729.3,530.6,844.6,0.110,
22580520.png,353.9,886.7,466.9,969.5,0.097,
22580520.png,376.5,898.7,429.4,937.8,0.086,
22580520.png,268.1,670.0,374.3,793.6,0.078,
22580520.png,194.5,1142.5,254.7,1205.7,0.059,
51049628.png,334.2,683.7,552.9,892.0,0.205,
51049628.png,331.1,532.1,435.9,662.8,0.114,
51049628.png,97.0,646.5,624.2,966.6,0.101,
51049628.png,234.8,639.3,420.5,872.3,0.056,
53581460.png,965.2,417.0,1064.4,530.3,0.719,
53581460.png,1091.8,350.3,1236.1,445.1,0.548,
53581460.png,979.6,436.0,1034.7,491.2,0.400,
53581460.png,1106.8,352.7,1171.9,414.7,0.244,
53581460.png,1045.0,323.5,1276.4,541.6,0.240,
50998349.png,1158.2,750.7,1285.1,869.5,0.491,
50998349.png,1043.1,865.8,1209.5,1055.5,0.206,
50998349.png,953.9,763.0,1074.1,869.1,0.105,
50998349.png,1209.9,789.4,1270.6,849.3,0.081,
50998349.png,1087.1,906.3,1176.0,994.1,0.053,
53587014.png,76.8,974.7,311.1,1147.7,0.900,
53587014.png,174.9,1023.3,270.8,1104.4,0.127,
51048738.png,840.4,349.0,953.4,468.1,0.107,
50999246.png,217.8,779.5,452.2,979.0,0.314,
50999246.png,15.9,583.5,521.5,986.6,0.054,
20587758.png,98.7,556.2,177.8,642.6,0.341,
20587758.png,32.3,489.8,237.3,709.2,0.246,
20587758.png,90.5,496.2,613.9,873.3,0.169,
20587758.png,224.6,873.1,485.9,1061.1,0.070,
24065887.png,456.4,833.2,506.8,883.4,0.118,
24065887.png,451.4,703.0,637.0,924.0,0.089,
24065887.png,11.5,628.7,335.4,970.4,0.070,
24065887.png,251.4,824.1,320.8,899.0,0.061,
24065887.png,458.9,998.6,559.7,1157.5,0.051,
50995872.png,488.2,834.9,650.4,1028.5,0.249,
53581379.png,478.5,831.1,578.9,965.7,0.142,
53587663.png,1318.8,842.4,1384.9,900.3,0.268,
53587663.png,1317.3,495.4,1373.6,553.6,0.075,
53587663.png,1342.7,511.0,1384.3,575.7,0.054,
50997742.png,409.6,1155.3,510.6,1240.1,0.097,
20587174.png,2.0,450.4,74.8,543.4,0.052,
22614405.png,697.5,920.3,816.6,1030.4,0.147,
51049276.png,353.7,1013.1,550.4,1217.6,0.113,
51049276.png,125.3,1134.0,275.5,1235.0,0.071,
22670488.png,846.4,509.0,1059.9,709.8,0.768,
22670488.png,933.1,387.9,1045.8,510.4,0.132,
22670488.png,772.8,491.9,1201.1,827.6,0.104,
22670488.png,1108.9,821.4,1188.1,914.6,0.073,
22670488.png,882.9,1014.8,1022.0,1126.0,0.052,
22678856.png,262.5,1080.7,505.7,1305.7,0.628,
22678856.png,423.6,841.7,646.9,1077.7,0.418,
22678856.png,297.7,872.8,675.9,1294.7,0.414,
22678856.png,382.3,624.6,583.1,847.7,0.123,
22678856.png,288.7,798.1,518.4,1034.7,0.096,
22678856.png,28.4,641.0,272.7,874.1,0.086,
22678856.png,349.0,838.4,466.6,965.6,0.078,
22678856.png,468.5,926.7,586.0,1058.8,0.055,
22678856.png,208.7,492.7,578.3,806.2,0.054,
22678856.png,583.4,961.2,616.7,1011.9,0.051,
51048972.png,867.6,750.7,1080.3,974.1,0.051,
53582331.png,779.1,575.2,978.8,805.1,0.051,
50994787.png,21.0,499.3,171.7,599.0,0.498,
50994787.png,270.6,1113.6,373.7,1252.4,0.489,
50994787.png,247.7,590.9,412.7,822.7,0.346,
50994787.png,10.1,470.6,405.0,826.8,0.257,
50994787.png,82.7,523.2,138.7,571.8,0.248,
50994787.png,193.0,946.7,313.0,1065.4,0.201,
50994787.png,6.1,364.1,210.0,590.8,0.099,
50994787.png,42.7,407.1,168.0,495.3,0.070,
50994787.png,171.5,829.8,392.9,1068.8,0.053,
22670442.png,1202.2,249.1,1295.7,324.8,0.738,
22670442.png,1006.0,608.2,1105.5,735.1,0.347,
22670442.png,1041.9,356.3,1296.8,575.3,0.197,
22670442.png,1184.4,866.4,1293.3,980.7,0.093,
22670442.png,952.7,532.9,1156.2,759.9,0.067,
50997134.png,845.0,374.1,1150.9,815.6,0.356,
50997134.png,966.1,586.5,1155.0,799.2,0.055,
50997223.png,296.4,904.0,411.2,1036.0,0.290,
50997223.png,246.2,652.0,453.1,861.9,0.202,
50997223.png,274.9,1176.1,386.0,1318.8,0.167,
50997223.png,344.2,756.7,405.0,813.9,0.163,
50997223.png,325.7,719.9,439.2,827.1,0.144,
50997223.png,73.6,837.8,498.2,1189.1,0.137,
50997223.png,276.0,1252.9,334.8,1324.0,0.106,
50997223.png,270.3,705.7,319.9,760.3,0.055,
20587612.png,1120.0,188.8,1305.2,341.5,0.917,
20587612.png,1045.7,980.2,1256.1,1207.4,0.560,
20587612.png,1164.3,240.3,1244.4,313.7,0.455,
20587612.png,1107.9,1038.2,1205.5,1166.7,0.184,
20587492.png,930.4,456.2,1299.4,783.5,0.784,
20587492.png,1251.6,670.3,1301.4,725.7,0.294,
20587492.png,1025.8,496.7,1120.6,628.0,0.286,
20587492.png,1106.2,632.3,1221.0,748.6,0.244,
20587492.png,1147.6,761.3,1291.8,859.4,0.143,
20587492.png,1018.6,251.3,1129.9,388.5,0.140,
20587492.png,961.4,413.6,1149.8,651.1,0.116,
20587492.png,1107.8,408.5,1230.3,520.6,0.094,
20587492.png,979.3,358.4,1072.6,493.1,0.064,
50994137.png,1009.6,530.8,1235.5,759.1,0.594,
50994137.png,1212.3,290.4,1304.9,440.7,0.239,
50994137.png,1019.1,746.3,1302.0,1107.1,0.111,
50994137.png,1159.6,558.9,1232.3,653.7,0.090,
50994137.png,911.4,581.5,1302.1,923.0,0.064,
50994137.png,1058.5,778.1,1197.7,907.1,0.051,
24065407.png,899.4,783.4,1131.0,1037.7,0.733,
24065407.png,938.9,846.8,1064.4,986.6,0.407,
24065407.png,653.7,921.8,849.8,1143.3,0.128,
24065407.png,881.8,612.1,927.3,655.8,0.070,
24065407.png,721.5,761.9,1264.5,1163.4,0.054,
24055573.png,111.6,527.1,545.4,759.9,0.320,
24055573.png,217.1,577.8,317.2,671.8,0.292,
24055573.png,551.0,831.4,664.8,947.4,0.124,
24055573.png,378.3,551.4,487.6,706.9,0.106,
24065251.png,255.8,432.4,467.3,635.9,0.907,
24065251.png,180.6,356.1,547.4,767.0,0.763,
24065251.png,8.0,153.5,111.8,253.9,0.053,
24065251.png,302.5,543.1,436.0,656.2,0.052,
22580419.png,28.7,840.1,274.0,1053.9,0.717,
22580419.png,211.4,580.7,473.4,803.2,0.317,
22580419.png,13.9,32.9,58.6,84.7,0.133,
22580419.png,288.2,640.6,426.4,761.0,0.117,
22580419.png,343.0,992.8,391.7,1035.9,0.099,
22580419.png,7.6,660.7,455.3,1058.0,0.065,
26933830.png,1031.8,639.5,1297.9,993.7,0.278,
26933830.png,1018.8,677.5,1137.9,811.3,0.170,
26933830.png,1072.0,769.0,1210.9,909.7,0.125,
26933830.png,1224.0,737.4,1299.4,855.0,0.122,
26933830.png,955.1,545.6,1161.6,821.7,0.112,
51048891.png,306.4,698.2,524.8,895.3,0.440,
51048891.png,572.8,827.2,721.5,939.2,0.211,
51048891.png,391.0,690.5,753.9,1043.1,0.102,
53582791.png,4.7,554.6,310.3,897.7,0.253,
53582791.png,78.4,581.4,202.9,675.8,0.209,
53582791.png,313.3,791.2,447.2,891.2,0.175,
53582791.png,5.5,389.1,133.6,542.0,0.139,
53582791.png,353.5,808.8,415.0,871.9,0.090,
53582791.png,8.0,700.1,130.6,827.9,0.084,
53582791.png,274.4,1151.9,383.6,1272.4,0.080,
53582791.png,248.0,699.4,365.3,824.1,0.057,
24065461.png,944.1,750.2,1291.3,1168.3,0.487,
24065461.png,1116.0,424.7,1349.7,626.7,0.245,
24065461.png,1080.7,806.2,1212.8,964.0,0.092,
22679036.png,351.1,910.6,384.7,941.4,0.285,
22679036.png,326.1,623.5,528.4,864.2,0.105,
22679036.png,188.9,539.5,309.7,665.0,0.086,
22679036.png,404.9,672.4,509.6,807.0,0.076,
22679036.png,361.6,897.5,409.8,950.0,0.069,
22679036.png,330.2,880.8,437.1,992.5,0.064,
22679036.png,27.0,469.8,106.9,544.3,0.061,
22679036.png,581.2,894.5,631.3,949.0,0.052,
27829134.png,1029.9,829.9,1303.2,1066.0,0.934,
27829134.png,1095.1,906.0,1228.2,1037.2,0.196,
27829134.png,808.2,794.0,932.9,913.9,0.131,
27829134.png,833.9,690.4,1250.7,1041.4,0.091,
22613848.png,410.6,958.3,493.4,1062.0,0.141,
22613848.png,350.0,928.2,538.1,1107.2,0.089,
24065289.png,125.2,705.4,359.4,977.1,0.901,
24065289.png,11.1,638.5,507.1,1118.4,0.326,
24065289.png,171.2,810.5,315.9,930.6,0.322,
24065289.png,163.0,740.2,312.9,851.7,0.075,
53582737.png,150.1,491.3,344.0,723.7,0.513,
53582737.png,315.9,587.7,402.1,669.1,0.461,
53582737.png,174.9,534.9,276.7,658.3,0.302,
53582737.png,285.5,479.2,366.3,572.5,0.133,
53582737.png,275.8,723.5,436.6,905.8,0.119,
53582737.png,60.2,511.0,461.9,846.7,0.092,
24065833.png,528.7,948.2,634.8,1080.1,0.143,
24065833.png,374.6,595.0,585.4,783.1,0.084,
24065833.png,427.8,1088.0,660.6,1318.8,0.052,
22613822.png,928.3,310.6,1219.5,799.8,0.944,
22613822.png,972.3,412.4,1146.1,581.5,0.783,
22613822.png,1185.1,606.5,1345.1,773.2,0.167,
22613822.png,1049.3,746.8,1109.1,808.0,0.150,
22613822.png,1038.7,546.6,1155.5,675.2,0.133,
22613822.png,916.0,583.8,1132.6,827.5,0.090,
22613822.png,938.8,1053.2,986.2,1099.7,0.077,
22613822.png,947.3,659.6,1095.2,762.1,0.067,
22613822.png,850.5,697.7,950.9,834.0,0.053,
30011484.png,975.6,755.7,1200.9,957.0,0.193,
22614266.png,175.9,673.2,326.2,805.1,0.890,
22614266.png,85.7,636.3,524.8,918.7,0.460,
22614266.png,341.4,708.7,507.4,905.2,0.091,
53582710.png,691.3,995.4,909.9,1225.3,0.063,
53582710.png,916.2,1011.6,1106.8,1255.5,0.058,
20587080.png,977.2,1008.5,1115.2,1104.8,0.511,
20587080.png,984.5,1031.5,1034.7,1079.6,0.341,
20587080.png,909.9,972.4,1168.8,1147.6,0.215,
20587080.png,1052.8,998.1,1111.6,1069.0,0.187,
20587080.png,1143.1,983.1,1190.1,1032.8,0.157,
20587080.png,1051.1,1018.4,1084.4,1047.9,0.146,
20587080.png,1011.2,1028.9,1070.2,1088.6,0.114,
20587080.png,673.6,840.2,1159.7,1163.0,0.101,
20587080.png,694.3,996.4,1095.0,1335.6,0.062,
50996379.png,303.3,798.1,428.5,897.1,0.184,
50996379.png,336.3,820.9,384.0,864.8,0.184,
50996379.png,185.3,912.5,412.2,1125.0,0.151,
50996379.png,245.1,964.6,372.1,1075.8,0.117,
50996379.png,282.1,1018.6,345.2,1079.8,0.053,
50998661.png,1148.8,339.8,1385.0,565.7,0.079,
50997651.png,13.3,499.4,93.9,551.8,0.142,
20588190.png,35.5,430.3,148.5,561.4,0.818,
20588190.png,11.6,368.5,222.9,629.8,0.306,
20588190.png,335.3,1024.5,435.0,1147.7,0.187,
20588190.png,18.3,408.5,489.8,742.0,0.075,
20588190.png,240.0,977.3,454.5,1194.9,0.068,
20588190.png,474.6,819.1,511.1,856.0,0.068,
50997823.png,1136.7,780.1,1186.1,830.0,0.267,
50997823.png,1116.3,755.1,1212.0,854.4,0.078,
50997823.png,1270.3,1368.9,1318.4,1411.7,0.063,
20587784.png,1039.6,1068.4,1163.7,1172.8,0.277,
20587784.png,782.1,469.2,1087.5,875.8,0.149,
20587784.png,816.1,834.8,879.5,918.2,0.088,
20588308.png,2.3,726.6,277.7,1051.9,0.298,
20588308.png,238.8,466.1,422.8,658.3,0.063,
20588654.png,901.3,346.8,978.0,421.9,0.059,
50997796.png,212.6,1341.8,256.9,1379.6,0.096,
50997796.png,398.9,1035.3,452.6,1091.1,0.071,
20587994.png,942.9,943.1,1158.4,1142.0,0.914,
20587994.png,937.8,701.2,1057.3,797.9,0.290,
20587994.png,991.4,1012.8,1095.0,1118.9,0.163,
20587994.png,806.4,645.5,1056.7,827.1,0.082,
22670643.png,530.5,606.8,622.5,727.8,0.110,
22670673.png,1264.3,509.3,1378.2,594.5,0.259,
22678670.png,1146.7,517.5,1262.7,630.8,0.260,
22678670.png,1081.2,244.2,1184.8,388.2,0.127,
22678670.png,991.4,730.4,1088.6,868.8,0.105,
22678670.png,1058.4,480.9,1266.0,700.1,0.062,
53582683.png,1.0,755.0,453.9,1043.5,0.766,
53582683.png,46.0,798.7,163.8,882.9,0.286,
53582683.png,20.8,967.8,421.0,1320.7,0.205,
53582683.png,305.1,902.1,409.0,1048.1,0.158,
53582683.png,65.1,822.6,124.8,871.1,0.135,
53582683.png,36.5,1004.7,81.9,1057.1,0.129,
53582683.png,212.3,1090.8,333.1,1219.8,0.108,
53582683.png,84.1,525.7,246.8,703.2,0.091,
53582683.png,41.5,1015.9,213.2,1241.9,0.059,
53582683.png,210.9,762.7,249.5,799.6,0.053,
53582683.png,68.5,712.1,299.8,924.4,0.051,
53587690.png,528.8,857.2,643.7,963.9,0.283,
22580548.png,870.1,874.0,959.0,984.5,0.092,
22580548.png,1044.6,739.0,1263.0,928.8,0.051,
50997107.png,734.0,593.5,1062.5,959.3,0.760,
50997107.png,565.0,662.4,620.6,743.8,0.398,
20587544.png,1085.8,396.9,1304.1,859.8,0.817,
20587544.png,1128.6,654.5,1249.3,773.9,0.288,
20587544.png,1078.2,1011.1,1305.8,1194.6,0.222,
20587544.png,1180.4,474.1,1279.5,602.4,0.221,
20587544.png,1100.1,854.2,1151.2,907.7,0.195,
20587544.png,971.1,779.2,1301.8,1133.5,0.179,
20587544.png,1018.1,842.3,1155.3,956.5,0.120,
20587544.png,1019.9,887.3,1078.8,953.5,0.083,
20587544.png,1100.0,573.7,1234.4,702.6,0.077,
50996972.png,920.8,727.0,1178.0,912.2,0.808,
50996972.png,1041.3,771.0,1147.8,865.7,0.496,
50996972.png,895.7,715.1,1015.0,823.3,0.250,
50996972.png,1066.2,790.6,1124.2,840.8,0.130,
50996972.png,840.9,642.7,1361.4,1013.4,0.107,
50996972.png,842.0,657.3,1048.2,897.7,0.065,
50996972.png,1264.2,494.0,1315.8,544.7,0.058,
20587200.png,911.6,801.4,1127.2,1036.9,0.521,
20587200.png,924.3,859.8,1033.2,972.9,0.265,
20586908.png,1143.3,483.4,1199.6,537.4,0.304,
20586908.png,1128.3,441.3,1230.4,550.0,0.191,
20586908.png,844.3,262.4,1107.6,423.6,0.109,
20586908.png,1057.0,224.0,1181.3,323.0,0.103,
20586908.png,1045.4,208.8,1253.1,425.7,0.088,
20586908.png,880.5,1033.5,936.3,1084.3,0.082,
24055904.png,636.6,719.9,672.0,755.2,0.116,
27829188.png,927.8,706.2,1158.8,945.0,0.962,
27829188.png,1108.3,156.3,1272.7,298.9,0.157,
27829188.png,742.1,738.9,864.6,862.3,0.142,
27829188.png,1018.2,787.1,1118.8,922.6,0.056,
30011824.png,26.2,318.6,260.8,502.7,0.719,
30011824.png,39.1,361.8,160.0,465.0,0.339,
30011824.png,22.9,313.8,496.4,635.9,0.081,
30011824.png,80.0,396.5,138.2,450.4,0.056,
53581941.png,1160.5,353.4,1306.2,438.7,0.093,
50998440.png,880.4,904.9,915.7,944.3,0.055,
51049516.png,229.1,814.8,344.8,923.9,0.500,
51049516.png,3.0,467.2,268.5,670.4,0.259,
51049516.png,57.2,1002.9,563.2,1271.9,0.139,
51049516.png,37.9,524.9,142.3,633.9,0.136,
51049516.png,111.0,1158.4,248.8,1251.7,0.125,
51049516.png,98.4,684.6,487.2,1038.0,0.122,
51049516.png,43.4,551.0,90.5,598.5,0.105,
51049516.png,335.0,896.7,448.7,986.5,0.090,
24055725.png,392.3,1027.9,621.0,1261.5,0.758,
24055725.png,178.0,959.6,702.2,1312.6,0.437,
24055725.png,380.7,806.6,613.2,1015.7,0.379,
24055725.png,133.6,735.7,662.5,1105.8,0.312,
24055725.png,490.0,857.5,603.1,971.2,0.273,
24055725.png,531.9,1189.4,584.0,1234.1,0.260,
24055725.png,306.6,1110.2,505.6,1339.0,0.232,
24055725.png,363.6,827.8,456.4,929.1,0.156,
24055725.png,513.0,1109.6,601.8,1239.4,0.111,
24055725.png,458.5,1200.7,505.6,1249.0,0.101,
24055725.png,537.1,851.6,590.5,925.4,0.090,
24055725.png,524.4,981.2,581.5,1051.6,0.086,
24055725.png,153.1,1.0,313.3,82.0,0.077,
24055725.png,325.4,1192.8,375.2,1239.4,0.077,
24055725.png,543.7,858.4,575.6,894.3,0.059,
22580244.png,691.8,783.5,775.4,879.0,0.539,
22580244.png,641.1,740.1,807.7,904.5,0.386,
22580244.png,920.7,753.8,974.8,798.4,0.213,
22614545.png,1037.5,804.4,1128.6,899.1,0.357,
22614545.png,963.2,694.8,1189.9,917.2,0.165,
22614545.png,1060.5,943.4,1197.1,1032.1,0.125,
22614545.png,1096.7,961.0,1153.9,1007.1,0.054,
22580654.png,1175.3,637.8,1382.2,1136.6,0.665,
22580654.png,938.6,881.9,1385.0,1190.8,0.661,
22580654.png,1021.6,710.0,1349.4,912.7,0.184,
22580654.png,1039.5,999.3,1187.8,1127.9,0.085,
22580654.png,1133.3,1023.5,1274.5,1148.4,0.074,
22580654.png,1161.1,743.9,1287.2,865.6,0.052,
51049249.png,433.0,860.1,491.6,930.6,0.272,
51049249.png,332.0,728.8,518.9,936.0,0.066,
51049249.png,231.7,967.1,284.3,1017.0,0.050,
30011727.png,428.4,772.9,565.8,888.3,0.460,
30011727.png,386.8,683.3,627.5,923.3,0.160,
30011727.png,462.2,616.8,598.8,721.4,0.092,
30011727.png,584.5,949.7,684.9,1070.1,0.061,
22614431.png,3.2,1257.0,166.5,1486.9,0.710,
22614431.png,586.4,1003.9,648.0,1063.2,0.202,
22614431.png,548.8,971.3,686.0,1091.6,0.073,
22614431.png,653.7,991.1,761.9,1093.6,0.070,
22614431.png,1.0,1107.3,299.6,1550.8,0.070,
22670124.png,242.0,282.4,373.0,395.6,0.580,
53581033.png,140.5,586.7,344.9,849.4,0.105,
53581033.png,217.6,1107.1,320.2,1241.4,0.072,
53587427.png,411.9,1003.1,558.8,1108.3,0.441,
53587427.png,414.2,1130.7,538.4,1249.3,0.428,
53587427.png,105.8,793.7,562.4,1110.4,0.370,
53587427.png,146.1,901.6,272.8,1010.4,0.289,
53587427.png,154.5,787.6,281.1,912.8,0.127,
53587427.png,329.2,861.0,647.1,1272.2,0.115,
53587427.png,123.0,877.9,311.3,1129.0,0.081,
53587427.png,226.0,641.7,351.2,750.3,0.059,
53587427.png,374.3,1166.1,638.7,1381.5,0.054,
24055806.png,817.7,595.8,991.2,842.7,0.636,
24055806.png,829.1,645.3,1304.6,1023.3,0.602,
24055806.png,1220.0,410.9,1273.6,461.2,0.474,
24055806.png,858.8,666.3,933.0,783.9,0.377,
24055806.png,874.7,790.5,1101.9,1013.4,0.228,
24055806.png,957.5,335.2,1303.9,707.5,0.217,
24055806.png,903.7,857.3,1021.0,970.4,0.214,
24055806.png,1195.2,380.7,1296.5,479.3,0.204,
24055806.png,1059.8,809.6,1183.7,921.0,0.126,
24055806.png,907.7,909.9,959.9,958.1,0.115,
24055806.png,1061.8,576.8,1296.7,816.7,0.100,
24055806.png,1027.3,751.7,1253.2,975.2,0.090,
24055806.png,789.9,721.5,986.0,962.6,0.087,
53587508.png,909.2,759.1,1086.9,984.9,0.151,
53587508.png,1175.0,548.1,1244.2,601.6,0.127,
53587508.png,1125.0,331.6,1217.0,430.4,0.088,
53587508.png,581.2,792.3,733.5,984.7,0.070,
53581796.png,18.4,400.1,119.0,521.9,0.130,
24058686.png,235.5,1072.5,409.9,1291.6,0.628,
24058686.png,578.4,912.4,685.7,1010.2,0.470,
24058686.png,601.4,939.0,651.8,986.5,0.250,
24058686.png,281.2,1114.8,371.3,1223.7,0.148,
24058686.png,210.3,1282.7,255.9,1324.7,0.123,
24058686.png,406.4,999.6,453.2,1041.0,0.109,
24058686.png,187.6,1260.1,292.8,1352.5,0.068,
24058686.png,531.8,869.9,729.5,1051.6,0.051,
20587518.png,4.2,556.9,214.7,988.5,0.555,
20587518.png,97.8,395.0,315.8,616.0,0.352,
20587518.png,3.3,675.7,121.6,890.6,0.268,
20587518.png,169.3,786.6,229.3,857.1,0.261,
20587518.png,24.2,888.0,143.1,988.9,0.203,
20587518.png,243.9,609.6,363.8,712.8,0.187,
20587518.png,76.8,679.3,166.9,768.4,0.179,
20587518.png,241.0,735.2,366.5,850.0,0.137,
20587518.png,7.3,340.4,450.8,722.8,0.131,
20587518.png,253.7,620.1,313.9,679.8,0.125,
20587518.png,70.4,925.9,126.2,982.1,0.123,
20587518.png,95.4,511.2,152.5,589.4,0.114,
20587518.png,193.0,446.7,290.6,575.8,0.112,
20587518.png,142.6,755.3,266.9,876.2,0.104,
20587518.png,5.3,519.2,137.7,726.3,0.087,
20587928.png,1007.3,652.2,1064.4,706.2,0.077,
20587928.png,978.3,622.6,1093.0,717.7,0.058,
22427751.png,281.4,493.0,400.9,601.9,0.828,
22427751.png,232.0,451.6,466.8,664.2,0.345,
22427751.png,497.2,937.5,622.8,1068.3,0.308,
50993426.png,262.1,440.6,487.7,676.7,0.414,
50993426.png,386.3,945.9,430.5,988.1,0.221,
50993426.png,387.6,566.4,515.8,668.9,0.147,
50993426.png,282.4,981.3,346.0,1041.6,0.118,
50993426.png,250.9,449.6,386.8,564.3,0.056,
24055355.png,217.4,551.5,477.1,755.7,0.961,
24055355.png,79.3,460.9,582.5,830.0,0.418,
24055355.png,311.6,595.3,439.5,710.9,0.056,
50998981.png,1044.5,544.9,1158.4,688.4,0.781,
50998981.png,1008.0,476.2,1218.5,772.4,0.117,
50993949.png,371.8,1204.8,462.4,1314.0,0.391,
50993949.png,343.0,1028.1,447.3,1170.4,0.271,
50993949.png,234.1,828.0,559.9,1185.1,0.222,
50993949.png,323.9,928.0,459.1,1045.5,0.187,
50993949.png,155.5,462.5,274.2,576.4,0.115,
50993949.png,295.4,1152.6,498.4,1372.3,0.067,
50993949.png,272.7,747.1,304.5,782.5,0.052,
53582540.png,1255.1,1505.0,1294.7,1576.1,0.146,
53582540.png,1170.7,109.3,1261.8,193.0,0.120,
53582540.png,1029.5,1242.3,1142.8,1367.3,0.111,
53582540.png,909.0,971.3,1146.1,1175.1,0.099,
53582540.png,1115.1,71.3,1302.8,224.4,0.063,
22613770.png,854.3,434.6,1263.9,742.8,0.944,
22613770.png,1045.5,481.2,1217.1,671.7,0.624,
22613770.png,1184.6,409.0,1265.4,506.2,0.396,
22613770.png,890.4,551.2,1063.5,674.3,0.360,
22580367.png,85.7,533.9,445.4,864.9,0.761,
22580367.png,150.5,1024.5,310.2,1205.0,0.235,
22580367.png,179.4,1076.2,260.1,1166.4,0.130,
22580367.png,156.3,616.8,338.1,796.0,0.121,
22580367.png,281.2,699.5,398.5,811.6,0.080,
22580367.png,309.7,964.8,368.3,1014.8,0.080,
22580367.png,93.4,790.5,204.3,917.4,0.066,
30011700.png,655.2,958.0,779.3,1085.8,0.180,
30011700.png,848.2,1029.8,990.7,1133.8,0.071,
30011700.png,787.0,896.5,837.3,953.8,0.055,
30011850.png,880.5,962.7,976.1,1099.7,0.168,
30011850.png,849.1,933.5,1041.1,1167.7,0.060,
50999148.png,7.6,591.4,360.8,928.2,0.373,
