20586908.png,815.2689302884615,620.5033052884615,973.828125,823.5922475961538,0.0835260674357
20586908.png,987.5615985576923,419.9113581730769,1040.4146634615383,480.6715745192307,0.092641197145
20586908.png,888.5141225961538,1031.259014423077,940.5348557692307,1079.1180889423076,0.0994070991874
20586908.png,1112.411358173077,1166.0967548076922,1165.264423076923,1218.117487980769,0.10658698529
20586908.png,1149.4501201923076,481.9200721153846,1194.8121995192307,525.2013221153846,0.268252313137
20586908.png,816.5174278846154,270.5078125,1078.701923076923,408.2587139423077,0.271019786596
20586908.png,1048.7379807692307,220.98407451923075,1174.8362379807693,320.86388221153845,0.340275973082
20586934.png,195.1817908653846,433.6448317307692,406.1778846153846,600.52734375,0.0781597197056
20586934.png,305.88191105769226,712.0597956730769,351.24399038461536,753.2602163461538,0.112161114812
20586934.png,323.36087740384613,826.5054086538461,379.1271033653846,868.1219951923076,0.116777673364
20586934.png,201.84044471153845,669.6108774038461,408.67487980769226,884.3524639423076,0.203169107437
20586934.png,304.63341346153845,997.9657451923076,410.3395432692308,1078.701923076923,0.25166746974
20586934.png,404.51322115384613,465.2734375,522.7043269230769,568.8987379807692,0.360562622547
20586934.png,88.64332932692307,428.2346754807692,164.38551682692307,500.64753605769226,0.369435578585
20586934.png,41.61658653846153,812.3557692307692,192.2686298076923,923.0558894230769,0.852270066738
20586960.png,890.5949519230769,846.8975360576923,946.3611778846154,910.1547475961538,0.298103034496
20586960.png,724.1286057692307,687.08984375,856.0531850961538,794.0444711538461,0.303060084581
20586960.png,883.1039663461538,528.1144831730769,1004.2082331730769,629.6589543269231,0.46142822504
20586986.png,504.80919471153845,1005.8728966346154,619.2548076923076,1101.1748798076922,0.0895077437162
20586986.png,426.98617788461536,528.5306490384615,605.1051682692307,733.7004206730769,0.110769785941
20586986.png,301.30408653846155,728.2902644230769,399.5192307692308,802.3677884615385,0.131409853697
20586986.png,367.890625,958.4299879807692,458.1986177884615,1049.9864783653845,0.160725787282
20586986.png,207.66676682692307,477.75841346153845,277.99879807692304,551.4197716346154,0.161740005016
20586986.png,36.20643028846154,959.2623197115385,197.6787860576923,1079.950420673077,0.898747563362
20587054.png,741.8246093749999,975.1445312499999,847.5078124999999,1075.2117187499998,0.0727741345763
20587054.png,766.84140625,718.339453125,803.0902343749999,752.0355468749999,0.167993530631
20587054.png,985.8660156249999,592.234375,1107.88671875,689.2382812499999,0.461284548044
20587054.png,1123.203125,438.55976562499995,1303.93671875,656.0527343749999,0.522594332695
20587080.png,1142.0933593749999,989.4398437499999,1184.46875,1032.3257812499999,0.155554264784
20587080.png,1061.9375,1020.583203125,1089.50703125,1044.068359375,0.205191582441
20587080.png,684.1328124999999,842.9128906249999,1179.36328125,1144.1355468749998,0.213428005576
20587080.png,991.4820312499999,1042.0261718749998,1026.19921875,1070.6167968749999,0.276028573513
20587080.png,996.5874999999999,997.0980468749999,1121.1609374999998,1091.54921875,0.511429548264
20587148.png,1147.709375,722.4238281249999,1183.44765625,757.6515625,0.10194773972
20587148.png,986.3765624999999,609.0824218749999,1152.3042968749999,757.1410156249999,0.295640677214
20587200.png,914.8999999999999,841.891796875,1029.7730468749999,963.9124999999999,0.402960062027
20587226.png,3.5738281249999995,585.0867187499999,79.64531249999999,673.9218749999999,0.0794270411134
20587466.png,12.763671874999998,465.61875,58.20234375,539.1374999999999,0.120779141784
20587466.png,195.539453125,621.8460937499999,300.71210937499995,755.6093749999999,0.128322824836
20587466.png,171.54375,638.6941406249999,214.42968749999997,678.516796875,0.169808983803
20587466.png,10.2109375,1094.6125,67.902734375,1169.15234375,0.356411159039
20587466.png,29.101171875,635.1203125,141.93203125,759.183203125,0.678314745426
20587492.png,1109.92890625,680.5589843749999,1173.23671875,739.782421875,0.0944102033973
20587492.png,989.950390625,192.47617187499998,1147.709375,415.07460937499997,0.233632773161
20587492.png,1259.0085937499998,677.495703125,1299.8523437499998,722.4238281249999,0.270424425602
20587492.png,1015.9882812499999,513.6101562499999,1119.629296875,635.630859375,0.377149730921
20587492.png,942.9800781249999,480.93515625,1299.341796875,843.9339843749999,0.661309957504
20587518.png,15.826953125,879.6722656249999,138.86874999999998,983.8238281249999,0.122835360467
20587518.png,94.45117187499999,703.5335937499999,150.10078124999998,753.0566406249999,0.141638502479
20587518.png,173.58593749999997,770.415234375,273.142578125,869.971875,0.21118696034
20587518.png,186.34960937499997,443.66523437499995,303.775390625,561.091015625,0.236065238714
20587518.png,94.96171874999999,522.8,138.86874999999998,575.386328125,0.272906243801
20587518.png,2.0421875,678.516796875,205.23984374999998,874.05625,0.350223779678
20587544.png,1224.801953125,1101.2496093749999,1274.3249999999998,1142.0933593749999,0.084013029933
20587544.png,988.4187499999999,792.36875,1213.0593749999998,992.503125,0.0974376499653
20587544.png,1185.4898437499999,994.0347656249999,1236.0339843749998,1043.047265625,0.132074803114
20587544.png,1146.6882812499998,686.6855468749999,1202.337890625,751.0144531249999,0.18570792675
20587544.png,1102.270703125,854.65546875,1147.1988281249999,901.1152343749999,0.228503569961
20587544.png,1094.6125,979.2289062499999,1285.55703125,1195.7007812499999,0.301052093506
20587544.png,1085.4226562499998,516.6734375,1267.687890625,771.946875,0.454810827971
20587612.png,1088.2737379807693,1030.010516826923,1200.2223557692307,1149.033954326923,0.280181020498
20587612.png,1148.2016225961538,208.08293269230768,1291.3626802884614,333.76502403846155,0.929995000362
20587638.png,7.490985576923077,1384.5838341346152,168.54717548076923,1469.0655048076922,0.159161761403
20587664.png,1160.6865985576922,1216.0366586538462,1232.2671274038462,1298.8536658653845,0.201495945454
20587664.png,994.2202524038461,340.0075120192308,1149.8662860576922,481.9200721153846,0.964423775673
20587758.png,213.91914062499998,855.6765624999999,466.12929687499997,1074.190625,0.0750138908625
20587758.png,25.527343749999996,492.67773437499994,539.1374999999999,844.44453125,0.177511170506
20587758.png,97.51445312499999,555.985546875,180.223046875,640.736328125,0.438179939985
20587784.png,812.790625,843.9339843749999,872.524609375,917.4527343749999,0.0826069042087
20587784.png,1039.4734374999998,1062.9585937499999,1160.473046875,1170.683984375,0.422741770744
20587810.png,512.5890625,1070.1062499999998,615.208984375,1184.9792968749998,0.0774040594697
20587810.png,456.93945312499994,764.288671875,680.5589843749999,991.9925781249999,0.17655390501
20587836.png,1104.8234375,333.89765624999995,1300.8734375,538.626953125,0.13209412992
20587902.png,967.4863281249999,205.750390625,1294.7468749999998,598.8714843749999,0.0731433555484
20587994.png,934.3007812499999,1216.1226562499999,986.3765624999999,1266.15625,0.0859899222851
20587994.png,922.5582031249999,687.1960937499999,1044.068359375,782.6683593749999,0.246491417289
20587994.png,943.4906249999999,940.9378906249999,1151.283203125,1129.840234375,0.924371540546
20588020.png,149.07968749999998,519.226171875,288.458984375,603.46640625,0.0917819514871
20588020.png,521.2683593749999,915.92109375,568.74921875,970.0390624999999,0.369420021772
20588046.png,791.8582031249999,758.1621093749999,914.8999999999999,859.7609375,0.0909036919475
20588046.png,979.739453125,1075.7222656249999,1176.3,1224.801953125,0.896277964115
20588072.png,462.04492187499994,1191.105859375,525.86328125,1266.15625,0.0853974893689
20588072.png,523.310546875,1070.6167968749999,623.88828125,1158.94140625,0.102975532413
20588072.png,57.691796874999994,703.5335937499999,114.36249999999998,750.5039062499999,0.700969159603
20588138.png,1037.4312499999999,967.9968749999999,1181.40546875,1074.701171875,0.189864218235
20588138.png,823.0015625,1014.4566406249999,949.106640625,1126.7769531249999,0.370590180159
20588190.png,477.87187499999993,819.9382812499999,509.52578124999997,850.0605468749999,0.0812113136053
20588190.png,319.091796875,1018.5410156249999,425.79609374999995,1140.051171875,0.315899819136
20588190.png,33.696093749999996,423.75390624999994,153.674609375,562.1121093749999,0.876742720604
20588216.png,152.65351562499998,1197.232421875,378.315234375,1373.8816406249998,0.0989950150251
20588216.png,187.88125,477.87187499999993,244.04140624999997,535.0531249999999,0.108327820897
20588216.png,33.185546875,741.8246093749999,151.63242187499998,874.5667968749999,0.876483619213
20588308.png,241.48867187499997,446.72851562499994,437.538671875,650.947265625,0.129985377192
20588308.png,0.0,725.4871093749999,320.112890625,1040.49453125,0.345884501934
20588334.png,272.12148437499997,818.9171875,388.01562499999994,923.579296875,0.075294688344
20588334.png,7.147656249999999,551.9011718749999,441.62304687499994,889.8832031249999,0.407969862223
20588334.png,8.679296874999999,1031.3046875,196.56054687499997,1250.329296875,0.619325816631
20588458.png,794.921484375,430.39101562499997,916.9421874999999,553.4328125,0.0984316766262
20588458.png,837.8074218749999,747.9511718749999,1282.4937499999999,1031.3046875,0.106645613909
20588458.png,1073.680078125,970.0390624999999,1185.4898437499999,1082.8699218749998,0.140163093805
20588458.png,1105.8445312499998,366.062109375,1302.9156249999999,545.2640624999999,0.297128140926
20588510.png,1219.696484375,766.3308593749999,1264.6246093749999,817.3855468749999,0.0957069769502
20588510.png,619.80390625,692.812109375,811.7695312499999,903.6679687499999,0.451478511095
20588510.png,682.0906249999999,1210.5066406249998,794.4109374999999,1302.4050781249998,0.667575120926
20588536.png,516.6734375,669.3269531249999,584.065625,755.098828125,0.111958615482
20588536.png,442.13359375,972.08125,527.3949218749999,1066.532421875,0.1194530949
20588536.png,379.84687499999995,1110.439453125,494.20937499999997,1205.9117187499999,0.308648824692
20588536.png,631.0359374999999,1200.8062499999999,743.3562499999999,1340.6960937499998,0.456804335117
20588536.png,385.9734375,554.964453125,517.69453125,674.94296875,0.542231082916
20588536.png,141.42148437499998,220.045703125,476.34023437499997,536.5847656249999,0.72860699892
20588562.png,437.538671875,641.2468749999999,623.88828125,805.6429687499999,0.323127090931
20588562.png,7.147656249999999,451.32343749999995,391.589453125,810.7484374999999,0.879983842373
20588654.png,847.3137019230769,285.48978365384613,1176.9170673076922,533.1084735576923,0.0879480391741
20588654.png,905.576923076923,357.9026442307692,975.4927884615385,426.98617788461536,0.116985827684
20588654.png,806.9456129807692,457.7824519230769,935.1246995192307,548.5066105769231,0.192313060164
20588680.png,27.05078125,580.5513822115385,147.32271634615384,667.9462139423076,0.108689583838
20588680.png,0.41616586538461536,376.6301081730769,499.39903846153845,751.1793870192307,0.603500902653
22427705.png,16.646634615384613,672.5240384615385,110.28395432692307,753.6763822115385,0.813830018044
22427751.png,512.7163461538461,952.1875,642.5600961538461,1073.7079326923076,0.131308332086
22427751.png,281.328125,491.4918870192307,397.4384014423077,600.52734375,0.879165709019
22427840.png,1077.7644531249998,563.64375,1141.072265625,624.3988281249999,0.0758630111814
22427840.png,1008.8406249999999,939.9167968749999,1141.072265625,1045.0894531249999,0.153890118003
22427840.png,1154.3464843749998,1068.0640624999999,1271.7722656249998,1162.5152343749999,0.308498322964
22427840.png,1187.5320312499998,340.534765625,1266.15625,414.053515625,0.403450876474
22427840.png,1009.8617187499999,452.855078125,1275.856640625,683.1117187499999,0.969381213188
22579730.png,1066.021875,431.41210937499994,1139.0300781249998,513.099609375,0.850603699684
22579730.png,833.7230468749999,441.11249999999995,1060.91640625,703.5335937499999,0.975997388363
22579754.png,454.897265625,639.2046875,557.5171875,743.3562499999999,0.167292192578
22579754.png,189.92343749999998,484.50898437499995,406.3953125,660.1371093749999,0.558619618416
22579870.png,108.23593749999999,610.103515625,519.226171875,970.5496093749999,0.0878692865372
22579870.png,413.03242187499995,644.31015625,465.10820312499993,704.044140625,0.165803015232
22579870.png,124.062890625,832.7019531249999,250.678515625,934.8113281249999,0.544854283333
22579893.png,896.5203124999999,1343.2488281249998,976.6761718749999,1416.7675781249998,0.100765749812
22579893.png,1184.46875,824.02265625,1224.29140625,865.8874999999999,0.161497995257
22579916.png,50.544140625,374.74140624999995,230.76718749999998,564.154296875,0.107779294252
22579916.png,19.400781249999998,780.1156249999999,543.221875,1123.203125,0.258131921291
22579916.png,135.80546875,1223.2703124999998,181.24414062499997,1271.26171875,0.27629300952
22579916.png,385.46289062499994,808.70625,467.15039062499994,894.478125,0.505040764809
22580015.png,858.2292968749999,507.48359374999995,979.2289062499999,612.65625,0.0912698730826
22580015.png,791.3476562499999,672.9007812499999,924.6003906249999,776.0312499999999,0.110351979733
22580038.png,194.518359375,506.4625,415.58515624999995,713.233984375,0.0979880541563
22580038.png,373.7203125,943.4906249999999,419.158984375,995.055859375,0.112347304821
22580038.png,438.55976562499995,793.9003906249999,583.04453125,898.051953125,0.628407120705
22580038.png,333.38710937499997,893.4570312499999,521.2683593749999,1091.0386718749999,0.917814791203
22580068.png,899.0730468749999,1151.7937499999998,1028.24140625,1229.396875,0.207291021943
22580068.png,801.5585937499999,960.8492187499999,881.2039062499999,1051.7265625,0.228158503771
22580068.png,784.1999999999999,760.7148437499999,997.0980468749999,968.5074218749999,0.818201243877
22580098.png,594.2765625,1145.156640625,697.4070312499999,1227.865234375,0.11201363802
22580098.png,506.4625,789.3054687499999,632.0570312499999,888.8621093749999,0.122342094779
22580098.png,69.94492187499999,513.6101562499999,115.89414062499999,553.4328125,0.138878569007
22580098.png,431.92265625,663.7109374999999,557.0066406249999,764.288671875,0.146903038025
22580098.png,385.9734375,1195.1902343749998,448.77070312499995,1251.3503906249998,0.168216943741
22580098.png,599.38203125,944.001171875,706.596875,1059.8953124999998,0.24291421473
22580098.png,277.73749999999995,1128.30859375,515.141796875,1309.0421875,0.760396957397
22580192.png,883.2460937499999,642.778515625,1008.8406249999999,748.4617187499999,0.0722106695175
22580244.png,630.01484375,921.0265625,755.098828125,1003.7351562499999,0.0816508159041
22580244.png,921.5371093749999,755.098828125,965.9546874999999,794.4109374999999,0.291715472937
22580244.png,697.917578125,770.9257812499999,778.0734375,871.503515625,0.691052854061
22580341.png,1078.2749999999999,771.4363281249999,1179.8738281249998,874.5667968749999,0.0817701071501
22580341.png,1034.3679687499998,479.91406249999994,1074.190625,514.120703125,0.167496189475
22580341.png,955.2332031249999,947.0644531249999,1169.15234375,1185.4898437499999,0.214565634727
22580341.png,881.2039062499999,488.08281249999993,1306.489453125,915.4105468749999,0.636682450771
22580367.png,90.87734375,785.731640625,201.15546874999998,917.9632812499999,0.103665873408
22580367.png,312.96523437499997,964.423046875,364.01992187499997,1004.2457031249999,0.110104709864
22580367.png,172.05429687499998,1053.258203125,291.522265625,1178.3421875,0.44148761034
22580367.png,55.649609375,507.48359374999995,448.77070312499995,851.5921874999999,0.748182296753
22580393.png,1023.6464843749999,699.9597656249999,1243.6921874999998,894.478125,0.131347984076
22580393.png,1053.258203125,722.4238281249999,1095.123046875,763.7781249999999,0.167615026236
22580393.png,876.608984375,543.732421875,931.7480468749999,599.38203125,0.179667934775
22580393.png,972.5917968749999,936.8535156249999,1208.975,1164.5574218749998,0.250792682171
22580393.png,809.7273437499999,465.10820312499993,1108.3972656249998,831.1703124999999,0.62907075882
22580419.png,17.869140625,31.65390625,58.71289062499999,80.15585937499999,0.107347324491
22580419.png,228.21445312499998,567.728125,460.00273437499993,794.921484375,0.196456998587
22580419.png,1.02109375,767.8625,297.64882812499997,1148.73046875,0.682373523712
22580492.png,1069.595703125,180.223046875,1265.645703125,396.184375,0.0706024542451
22580492.png,974.1234374999999,909.2839843749999,1106.865625,1008.3300781249999,0.0804588273168
22580492.png,857.7187499999999,904.1785156249999,916.4316406249999,971.0601562499999,0.0959177538753
22580492.png,913.368359375,403.33203124999994,1021.6042968749999,527.90546875,0.15491682291
22580520.png,193.49726562499998,1151.283203125,254.76289062499998,1206.422265625,0.0775586590171
22580520.png,324.7078125,510.03632812499995,413.03242187499995,615.7195312499999,0.10123681277
22580520.png,339.00312499999995,876.0984374999999,476.34023437499997,971.0601562499999,0.131228893995
22580520.png,282.84296874999995,636.1414062499999,503.909765625,871.503515625,0.175744026899
22580520.png,473.276953125,749.4828124999999,525.352734375,821.469921875,0.208005011082
22580520.png,371.67812499999997,664.73203125,414.053515625,705.0652343749999,0.277213066816
22580520.png,22.974609374999996,302.75429687499997,437.028125,709.6601562499999,0.74372190237
22580576.png,450.30234375,769.394140625,493.698828125,816.8749999999999,0.112897455692
22580576.png,24.506249999999998,1119.1187499999999,231.78828124999998,1301.383984375,0.116587586701
22580576.png,241.99921874999998,422.222265625,345.1296875,529.437109375,0.128586888313
22580576.png,496.2515625,793.38984375,529.437109375,830.659765625,0.14016379416
22580576.png,382.91015624999994,742.33515625,592.234375,960.3386718749999,0.209008783102
22580576.png,368.61484375,1046.62109375,549.3484374999999,1209.99609375,0.328412383795
22580576.png,188.90234374999997,377.29414062499995,551.9011718749999,729.571484375,0.334398418665
22580654.png,1029.5943509615383,985.0646033653845,1167.7614182692307,1117.821514423077,0.083745829761
22580654.png,1288.449519230769,789.8828125,1379.1736778846152,945.9450120192307,0.129419982433
22580654.png,924.3043870192307,657.9582331730769,1384.5838341346152,1033.33984375,0.71514737606
22580706.png,1182.3272235576922,1249.3299278846152,1310.5063100961538,1370.0180288461538,0.168374344707
22580706.png,1196.0606971153845,626.3296274038461,1384.5838341346152,848.1460336538461,0.604064226151
22580706.png,809.4426081730769,1149.4501201923076,1384.5838341346152,1520.25390625,0.881960093975
22580732.png,324.609375,824.424579326923,384.12109375,877.2776442307692,0.129671141505
22580732.png,235.13371394230768,1010.0345552884614,307.96274038461536,1086.6090745192307,0.448229968548
22613650.png,332.93269230769226,606.3536658653845,583.0483774038461,786.9696514423076,0.0871713981032
22613650.png,23.721454326923077,567.6502403846154,253.86117788461536,814.8527644230769,0.918106436729
22613702.png,157.72686298076923,555.5814302884615,414.5012019230769,779.4786658653845,0.963561117649
22613770.png,983.8161057692307,632.1559495192307,1026.2650240384614,668.3623798076923,0.0828650966287
22613770.png,1184.4080528846152,412.4203725961538,1261.8149038461538,504.3930288461538,0.706609368324
22613770.png,945.9450120192307,438.22265625,1279.2938701923076,701.2394831730769,0.941867291927
22613796.png,367.0582932692308,486.49789663461536,416.9981971153846,535.1893028846154,0.0766603350639
22613822.png,843.1520432692307,696.2454927884615,950.1066706730769,829.0024038461538,0.0715823099017
22613822.png,934.2923677884615,1051.2349759615383,987.9777644230769,1101.1748798076922,0.111843302846
22613822.png,1047.489483173077,728.2902644230769,1105.3365384615383,798.2061298076923,0.14598543942
22613822.png,1216.8689903846152,632.98828125,1346.2965745192307,740.7752403846154,0.185560151935
22613822.png,994.2202524038461,679.5988581730769,1039.1661658653845,709.9789663461538,0.201349034905
22613822.png,1043.7439903846152,555.1652644230769,1144.0399639423076,694.1646634615385,0.202905759215
22613822.png,941.7833533653845,282.5766225961538,1234.7641225961538,799.8707932692307,0.89535933733
22613848.png,417.8305288461538,967.1694711538461,487.3302283653846,1042.9116586538462,0.300767958164
22613944.png,310.41249999999997,917.4527343749999,457.44999999999993,1028.751953125,0.205558538437
22614074.png,675.8533653846154,382.45643028846155,780.7271634615385,509.3870192307692,0.315009474754
22614074.png,545.5934495192307,644.6409254807692,658.3743990384615,772.8200120192307,0.59798181057
22614074.png,815.6850961538461,615.9254807692307,965.088641826923,780.7271634615385,0.919402003288
22614097.png,464.85727163461536,613.0123197115385,531.4438100961538,678.3503605769231,0.0948658138514
22614097.png,447.79447115384613,821.0952524038461,503.5606971153846,873.5321514423076,0.147661283612
22614097.png,774.0685096153845,551.4197716346154,815.6850961538461,589.70703125,0.152134597301
22614127.png,1212.707331730769,237.21454326923075,1371.2665264423076,345.83383413461536,0.0738169699907
22614127.png,950.5228365384614,1290.5303485576922,1010.4507211538461,1357.5330528846152,0.443192064762
22614127.png,811.9396033653845,695.8293269230769,1011.69921875,898.9182692307692,0.839858233929
22614150.png,749.0985576923076,1273.0513822115383,800.2869591346154,1316.748798076923,0.0906736180186
22614150.png,502.3121995192307,976.7412860576923,578.88671875,1041.6631610576922,0.141737118363
22614150.png,543.0964543269231,818.1820913461538,614.2608173076923,896.4212740384615,0.29709777236
22614150.png,800.703125,752.01171875,881.0231370192307,849.8106971153845,0.616106271744
22614236.png,22.464062499999997,357.893359375,191.45507812499997,549.3484374999999,0.369767099619
22614236.png,71.4765625,789.3054687499999,243.53085937499998,905.1996093749999,0.923863530159
22614266.png,343.0875,713.7445312499999,502.88867187499994,898.5624999999999,0.120939366519
22614266.png,432.433203125,994.0347656249999,536.07421875,1129.840234375,0.144080579281
22614266.png,174.60703124999998,675.9640625,320.112890625,797.47421875,0.906716346741
22614379.png,461.53437499999995,760.204296875,551.9011718749999,856.187109375,0.130061194301
22614379.png,30.122265624999997,1250.83984375,339.00312499999995,1503.05,0.888329207897
22614405.png,681.5800781249999,906.2207031249999,799.5164062499999,1024.1570312499998,0.133040502667
22614431.png,649.9261718749999,990.9714843749999,759.6937499999999,1090.017578125,0.171581998467
22614431.png,567.2175781249999,990.9714843749999,651.968359375,1075.2117187499998,0.207413449883
22614431.png,0.510546875,1247.266015625,188.39179687499998,1482.628125,0.685750484467
22614499.png,1039.9839843749999,492.67773437499994,1076.743359375,526.3738281249999,0.0794756114483
22614499.png,1165.0679687499999,757.6515625,1295.76796875,855.1660156249999,0.0822265669703
22614499.png,942.9800781249999,263.952734375,1255.434765625,679.0273437499999,0.125054746866
22614499.png,1144.6460937499999,934.8113281249999,1200.8062499999999,988.9292968749999,0.207345351577
22614499.png,1017.0093749999999,977.6972656249999,1081.848828125,1038.45234375,0.258507907391
22614499.png,976.1656249999999,1240.118359375,1078.785546875,1338.1433593749998,0.401695400476
22614545.png,676.9851562499999,928.1742187499999,793.9003906249999,1026.19921875,0.0839638859034
22614545.png,1068.574609375,845.976171875,1105.333984375,875.5878906249999,0.0976803153753
22614545.png,1046.110546875,942.9800781249999,1177.8316406249999,1033.857421875,0.116381622851
22614545.png,1007.81953125,793.38984375,1136.9878906249999,899.0730468749999,0.260442793369
22670094.png,1141.54296875,435.3094951923077,1363.359375,620.5033052884615,0.945187270641
22670124.png,233.0528846153846,292.1484375,361.23197115384613,395.3575721153846,0.549810945988
22670147.png,716.6376201923076,1103.671875,817.3497596153845,1214.7881610576922,0.0708163157105
22670147.png,1020.0225360576923,489.82722355769226,1184.82421875,622.16796875,0.914752483368
22670177.png,479.4230769230769,670.4432091346154,606.3536658653845,761.9996995192307,0.445846259594
22670278.png,956.76484375,531.4792968749999,1073.680078125,669.8375,0.933995604515
22670324.png,1244.2027343749999,1060.91640625,1296.278515625,1112.9921875,0.070738479495
22670324.png,1178.3421875,1058.363671875,1232.970703125,1096.1441406249999,0.0765057131648
22670324.png,713.7445312499999,997.0980468749999,828.6175781249999,1117.587109375,0.118539579213
22670324.png,798.4953125,607.040234375,908.7734374999999,778.0734375,0.82575327158
22670347.png,231.27773437499997,864.86640625,384.95234374999995,955.2332031249999,0.0950530692935
22670347.png,3.5738281249999995,868.95078125,60.244531249999994,906.7312499999999,0.126494348049
22670347.png,492.16718749999995,935.8324218749999,596.3187499999999,1037.941796875,0.156728774309
22670442.png,1003.2246093749999,610.6140624999999,1106.865625,731.6136718749999,0.134618028998
22670442.png,1208.975,243.53085937499998,1294.236328125,325.72890624999997,0.878428399563
22670465.png,269.56874999999997,797.9847656249999,316.02851562499995,844.9550781249999,0.123850613832
22670465.png,367.08320312499995,881.2039062499999,410.99023437499994,925.1109374999999,0.138478115201
22670465.png,231.78828124999998,492.16718749999995,287.43789062499997,552.9222656249999,0.148007839918
22670465.png,232.809375,887.841015625,285.90625,949.6171874999999,0.194993287325
22670465.png,317.049609375,662.6898437499999,367.59374999999994,720.8921875,0.280478477478
22670465.png,115.89414062499999,614.6984375,319.60234375,848.0183593749999,0.336494058371
22670465.png,133.252734375,673.411328125,194.00781249999997,740.2929687499999,0.57532787323
22670465.png,85.26132812499999,351.76679687499995,297.13828125,591.723828125,0.893042862415
22670465.png,4.594921875,865.3769531249999,292.54335937499997,1246.2449218749998,0.92839884758
22670488.png,794.4109374999999,691.28046875,993.0136718749999,908.262890625,0.119475401938
22670488.png,1099.71796875,832.7019531249999,1188.0425781249999,918.473828125,0.160967975855
22670488.png,841.3812499999999,503.909765625,1055.8109375,705.57578125,0.685032725334
22670511.png,222.5984375,703.5335937499999,263.952734375,738.2507812499999,0.0792956352234
22670511.png,426.30664062499994,773.4785156249999,481.95624999999995,834.7441406249999,0.079924210906
22670511.png,208.81367187499998,926.6425781249999,237.91484375,952.6804687499999,0.112153440714
22670511.png,125.08398437499999,1066.021875,183.79687499999997,1116.0554687499998,0.113835908473
22670511.png,163.375,899.0730468749999,265.994921875,1024.1570312499998,0.151881024241
22670511.png,252.21015624999998,795.942578125,336.45039062499995,912.8578124999999,0.177741363645
22670511.png,154.695703125,516.1628906249999,385.9734375,752.54609375,0.619457662106
22670511.png,10.721484375,758.6726562499999,578.96015625,1200.2957031249998,0.798659563065
22670620.png,816.1012620192307,766.5775240384615,912.2355769230769,857.3016826923076,0.169280573726
22670620.png,1203.9678485576922,456.9501201923077,1315.500300480769,555.5814302884615,0.479137539864
22670620.png,1280.126201923077,233.46905048076923,1384.5838341346152,364.56129807692304,0.791027069092
22670643.png,525.2013221153846,604.6890024038461,618.8386418269231,729.5387620192307,0.126512169838
22670673.png,1253.9077524038462,506.8900240384615,1383.7515024038462,591.3716947115385,0.285957992077
22670809.png,1007.9537259615385,941.3671875,1117.4053485576922,1059.5582932692307,0.266927421093
22670809.png,1254.7400841346152,1047.9056490384614,1370.4341947115383,1171.0907451923076,0.829056560993
22670855.png,1283.8716947115383,513.5486778846154,1322.158954326923,542.6802884615385,0.0913251042366
22670855.png,1112.411358173077,745.3530649038461,1246.416766826923,866.0411658653845,0.521450996399
22670855.png,956.7653245192307,936.7893629807692,1058.7259615384614,1010.4507211538461,0.529515862465
22678472.png,259.35781249999997,789.3054687499999,354.31953124999995,900.6046875,0.376582145691
22678495.png,626.441015625,1046.110546875,695.8753906249999,1113.5027343749998,0.0727099329233
22678495.png,770.9257812499999,812.2800781249999,1070.6167968749999,1125.755859375,0.0980465933681
22678495.png,833.2125,860.2714843749999,905.1996093749999,937.8746093749999,0.156825751066
22678495.png,1058.87421875,908.262890625,1245.734375,1049.173828125,0.173217102885
22678495.png,752.0355468749999,882.735546875,817.89609375,961.8703125,0.777127742767
22678518.png,157.75898437499998,693.833203125,397.71601562499995,884.2671875,0.0703006237745
22678518.png,84.24023437499999,1133.4140625,154.695703125,1208.975,0.149128288031
22678518.png,370.14648437499994,811.258984375,483.487890625,927.1531249999999,0.235918968916
22678646.png,63.3078125,821.9804687499999,188.39179687499998,951.659375,0.259801566601
22678670.png,999.1402343749999,763.2675781249999,1060.91640625,840.870703125,0.0708038881421
22678670.png,1074.190625,241.99921874999998,1180.894921875,385.9734375,0.176825672388
22678670.png,1143.625,518.205078125,1264.1140624999998,625.419921875,0.274793446064
22678694.png,3.0632812499999997,1091.54921875,190.94453124999998,1267.1773437499999,0.313922405243
22678787.png,814.8328124999999,1013.9460937499999,859.2503906249999,1055.3003906249999,0.0770005881786
22678787.png,917.9632812499999,422.222265625,957.7859374999999,461.53437499999995,0.128141760826
22678787.png,686.175,699.4492187499999,775.0101562499999,803.0902343749999,0.145881816745
22678787.png,686.6855468749999,442.644140625,797.47421875,563.1332031249999,0.161663144827
22678787.png,800.026953125,834.23359375,864.3558593749999,901.6257812499999,0.189770251513
22678787.png,843.4234375,284.374609375,1125.755859375,462.55546874999993,0.227295577526
22678787.png,987.39765625,840.3601562499999,1305.97890625,1204.380078125,0.488435536623
22678810.png,207.28203125,386.99453124999997,577.4285156249999,744.3773437499999,0.134538784623
22678810.png,344.10859374999995,781.1367187499999,457.960546875,895.49921875,0.544464290142
22678833.png,1083.891015625,1142.60390625,1278.409375,1375.9238281249998,0.101821161807
22678833.png,713.233984375,1142.60390625,895.49921875,1368.2656249999998,0.15778413415
22678833.png,747.440625,973.6128906249999,874.5667968749999,1103.2917968749998,0.226890742779
22678833.png,639.2046875,560.5804687499999,771.946875,692.3015624999999,0.379981696606
22678833.png,561.6015625,718.339453125,676.9851562499999,855.6765624999999,0.459272027016
22678833.png,575.8968749999999,865.8874999999999,764.288671875,1110.439453125,0.65464001894
22678856.png,275.6953125,514.6312499999999,534.542578125,718.339453125,0.0895189791918
22678856.png,419.66953125,652.989453125,604.998046875,836.786328125,0.145625576377
22678856.png,586.618359375,955.2332031249999,623.3777343749999,1000.6718749999999,0.163008511066
22678856.png,344.61914062499994,841.3812499999999,461.53437499999995,973.1023437499999,0.198425069451
22678856.png,424.264453125,818.9171875,644.8207031249999,1065.0007812499998,0.499377071857
22678856.png,213.91914062499998,1029.2624999999998,649.415625,1338.6539062499999,0.587047457695
22678953.png,1217.28515625,908.0739182692307,1331.3146033653845,1014.6123798076923,0.361814171076
22678953.png,1097.4293870192307,381.2079326923077,1226.024639423077,475.2614182692307,0.537586987019
22678980.png,144.40955528846152,1000.4627403846154,194.3494591346154,1049.1541466346152,0.0743361487985
22678980.png,242.62469951923075,903.49609375,474.4290865384615,1103.671875,0.0875106006861
22678980.png,7.490985576923077,396.60606971153845,270.9239783653846,770.7391826923076,0.261422485113
22678980.png,486.9140625,658.3743990384615,551.4197716346154,722.8801081730769,0.292771220207
22679008.png,1055.8128004807693,529.3629807692307,1254.7400841346152,753.6763822115385,0.0775556862354
22679008.png,930.1307091346154,1193.9798677884614,1107.001201923077,1386.2484975961538,0.295925408602
22679008.png,963.0078125,838.1580528846154,1069.9624399038462,959.2623197115385,0.310775697231
22679036.png,29.131610576923077,466.5219350961538,88.22716346153845,544.7611177884615,0.0750421285629
22679036.png,191.43629807692307,545.1772836538461,310.04356971153845,666.2815504807692,0.0765160173178
22679036.png,292.1484375,654.62890625,528.5306490384615,854.3885216346154,0.241648465395
22679036.png,356.2379807692308,913.4840745192307,389.53125,943.448016826923,0.265187442303
24055051.png,101.598828125,888.8621093749999,271.100390625,1075.2117187499998,0.081367187202
24055149.png,155.716796875,685.6644531249999,271.100390625,802.0691406249999,0.0763137638569
24055149.png,186.86015625,1265.645703125,327.260546875,1373.3710937499998,0.13001896441
24055149.png,416.09570312499994,1090.017578125,541.1796875,1198.2535156249999,0.150247782469
24055149.png,487.06171874999995,1100.228515625,523.310546875,1133.9246093749998,0.196676790714
24055149.png,125.59453124999999,512.0785156249999,504.42031249999997,1022.1148437499999,0.910985946655
24055176.png,869.971875,803.60078125,908.7734374999999,845.976171875,0.103858977556
24055176.png,934.8113281249999,639.2046875,974.633984375,674.4324218749999,0.236867621541
24055176.png,889.37265625,479.91406249999994,1099.207421875,696.3859375,0.342502713203
24055176.png,1087.9753906249998,899.58359375,1149.7515624999999,964.423046875,0.448112308979
24055176.png,790.3265624999999,908.262890625,932.2585937499999,1009.3511718749999,0.615859150887
24055176.png,792.36875,692.812109375,1220.20703125,1064.490234375,0.678292095661
24055203.png,384.44179687499997,787.26328125,421.20117187499994,826.575390625,0.0780996829271
24055203.png,480.42460937499993,944.5117187499999,588.15,1061.426953125,0.098632209003
24055203.png,266.50546875,814.8328124999999,300.20156249999997,844.9550781249999,0.151932775974
24055203.png,325.72890624999997,849.0394531249999,445.196875,963.9124999999999,0.257934451103
24055203.png,183.79687499999997,1208.975,418.64843749999994,1362.649609375,0.341970354319
24055203.png,393.631640625,1085.4226562499998,529.437109375,1175.2789062499999,0.354481101036
24055203.png,2.552734375,748.972265625,262.42109374999995,1099.207421875,0.861160993576
24055274.png,456.53395432692304,1003.3759014423076,568.8987379807692,1103.2557091346152,0.115340046585
24055274.png,166.46634615384613,644.6409254807692,439.88731971153845,874.7806490384615,0.954235732555
24055328.png,696.6616586538461,962.1754807692307,807.7779447115385,1091.1868990384614,0.0700388029218
24055328.png,797.7899639423076,503.14453125,889.346454326923,622.16796875,0.116274051368
24055355.png,225.97806490384613,546.42578125,479.4230769230769,747.4338942307692,0.982130110264
24055382.png,881.4393028846154,421.57602163461536,1010.0345552884614,536.0216346153846,0.119751006365
24055445.png,26.634615384615383,1068.2977764423076,100.2959735576923,1151.1147836538462,0.814137339592
24055483.png,172.29266826923077,772.4038461538461,240.54387019230768,853.1400240384615,0.788131356239
24055573.png,521.4558293269231,974.6604567307692,560.1592548076923,1005.0405649038461,0.0883591920137
24055573.png,540.1832932692307,848.5621995192307,650.8834134615385,945.9450120192307,0.190544575453
24055573.png,214.74158653846152,530.1953125,503.9768629807692,715.3891225961538,0.229806691408
24055600.png,955.5168269230769,876.8614783653845,1003.7920673076923,915.9810697115385,0.113666772842
24055600.png,775.3170072115385,724.1286057692307,884.7686298076923,818.1820913461538,0.151142016053
24055600.png,778.6463341346154,867.2896634615385,901.4152644230769,972.9957932692307,0.159650549293
24055600.png,854.3885216346154,571.3957331730769,1320.910456730769,834.8287259615385,0.421481490135
24055600.png,980.0706129807692,1036.669170673077,1255.15625,1209.3780048076922,0.711931705475
24055627.png,113.61328125,517.2941706730769,235.9660456730769,637.5661057692307,0.613679349422
24055654.png,1204.384014423077,1011.2830528846154,1257.6532451923076,1058.309795673077,0.0882522016764
24055654.png,1055.8128004807693,940.5348557692307,1108.6658653846152,995.46875,0.239367008209
24055654.png,1164.8482572115383,660.8713942307692,1331.730769230769,842.7358774038461,0.43875849247
24055654.png,935.5408653846154,852.3076923076923,1168.59375,1034.5883413461538,0.840164482594
24055725.png,524.8421874999999,1055.8109375,588.6605468749999,1128.30859375,0.0774965956807
24055725.png,465.10820312499993,704.044140625,578.96015625,827.0859374999999,0.0828934758902
24055725.png,508.50468749999993,994.5453124999999,565.6859374999999,1054.279296875,0.122520379722
24055725.png,167.459375,0.0,314.496875,80.66640625,0.172738745809
24055725.png,321.13398437499995,1187.021484375,370.65703125,1233.9917968749999,0.201793506742
24055725.png,376.78359374999997,863.8453125,426.8171875,910.815625,0.205837860703
24055725.png,520.7578125,860.7820312499999,582.0234375,937.3640624999999,0.359940886497
24055725.png,535.0531249999999,1181.916015625,581.0023437499999,1233.9917968749999,0.363057553768
24055725.png,221.57734374999998,727.01875,639.2046875,1103.2917968749998,0.521402418613
24055725.png,390.05781249999995,1032.836328125,615.7195312499999,1264.6246093749999,0.775002002716
24055752.png,1165.578515625,962.8914062499999,1214.591015625,1014.9671874999999,0.0832810029387
24055752.png,815.8539062499999,1154.3464843749998,876.608984375,1213.0593749999998,0.0856355801225
24055752.png,1081.848828125,970.0390624999999,1195.1902343749998,1092.5703125,0.116309113801
24055752.png,1007.81953125,478.382421875,1112.481640625,578.96015625,0.153961777687
24055752.png,669.3269531249999,1078.2749999999999,929.1953124999999,1251.3503906249998,0.567999482155
24055752.png,782.1578125,545.2640624999999,985.8660156249999,792.36875,0.635701596737
24055752.png,622.356640625,837.8074218749999,707.1074218749999,976.6761718749999,0.665524184704
24055779.png,231.78828124999998,1130.861328125,282.33242187499997,1182.9371093749999,0.0716781541705
24055779.png,333.38710937499997,843.4234375,373.209765625,876.608984375,0.0949386060238
24055779.png,384.44179687499997,898.5624999999999,514.120703125,1005.266796875,0.106984332204
24055779.png,535.563671875,723.444921875,572.3230468749999,778.0734375,0.123465560377
24055779.png,357.893359375,1130.35078125,419.66953125,1181.40546875,0.196554213762
24055779.png,95.47226562499999,480.42460937499993,608.571875,825.554296875,0.199513703585
24055779.png,483.99843749999997,1056.83203125,539.1374999999999,1111.97109375,0.271439671516
24055779.png,393.12109374999994,662.6898437499999,515.65234375,799.5164062499999,0.355625957251
24055779.png,126.10507812499999,837.8074218749999,667.284765625,1186.5109375,0.57398891449
24055806.png,1078.785546875,834.23359375,1294.236328125,1072.1484375,0.106543883681
24055806.png,952.6804687499999,334.91875,1302.4050781249998,694.8542968749999,0.215990170836
24055806.png,854.65546875,711.1917968749999,906.2207031249999,766.84140625,0.241839706898
24055806.png,891.925390625,879.16171875,971.0601562499999,973.6128906249999,0.304361134768
24055806.png,1219.696484375,398.22656249999994,1283.004296875,469.19257812499995,0.33048966527
24055806.png,813.81171875,593.7660156249999,995.5664062499999,826.0648437499999,0.728786110878
24058686.png,655.4612379807692,681.2635216346154,726.2094350961538,776.9816706730769,0.0817286372185
24058686.png,400.3515625,996.7172475961538,454.03695913461536,1040.830829326923,0.0859785750508
24058686.png,206.0021033653846,1276.3807091346152,258.43900240384613,1332.1469350961538,0.179538443685
24058686.png,578.88671875,914.7325721153845,679.5988581730769,1007.9537259615385,0.483124732971
24058686.png,262.6006610576923,1119.4861778846152,368.3067908653846,1244.7521033653845,0.714848935604
24058712.png,614.6769831730769,796.1253004807692,786.9696514423076,979.23828125,0.0735547170043
24058738.png,186.8584735576923,937.2055288461538,241.79236778846152,990.05859375,0.123268656433
24058738.png,257.1905048076923,948.4420072115385,341.6721754807692,1037.9176682692307,0.536994576454
24065251.png,243.04086538461536,403.26472355769226,478.17457932692304,665.8653846153845,0.914393424988
24065270.png,903.49609375,844.8167067307692,966.7533052884614,903.49609375,0.113008841872
24065270.png,1010.4507211538461,991.3070913461538,1141.1268028846152,1094.932391826923,0.135300531983
24065289.png,234.71754807692307,851.0591947115385,305.04957932692304,918.0618990384615,0.101745612919
24065289.png,130.67608173076923,702.0718149038461,359.5673076923077,974.6604567307692,0.901300489902
24065380.png,387.4504206730769,477.3422475961538,581.3837139423076,658.3743990384615,0.260706096888
24065407.png,868.9543269230769,554.3329326923076,1149.033954326923,745.3530649038461,0.0787197053432
24065407.png,879.7746394230769,606.3536658653845,923.0558894230769,647.9702524038461,0.121327973902
24065407.png,650.8834134615385,938.8701923076923,852.7238581730769,1120.3185096153845,0.155993416905
24065407.png,881.4393028846154,793.2121394230769,1118.2376802884614,1008.7860576923076,0.758866369724
24065434.png,47.85907451923077,421.9921875,108.203125,469.8512620192307,0.0737575218081
24065434.png,340.42367788461536,990.8909254807692,389.9474158653846,1029.5943509615383,0.125972807407
24065461.png,1128.641826923077,434.47716346153845,1350.0420673076922,625.0811298076923,0.104845307767
24065461.png,986.729266826923,721.6316105769231,1273.0513822115383,1108.6658653846152,0.689044952393
24065530.png,38.291015625,1449.442578125,130.7,1562.7839843749998,0.0721120610833
24065530.png,21.953515624999998,457.44999999999993,136.8265625,575.386328125,0.0743518769741
24065530.png,10.2109375,937.8746093749999,438.04921874999997,1405.535546875,0.667899370193
24065584.png,12.253124999999999,953.1910156249999,136.8265625,1061.9375,0.19863627851
24065584.png,19.911328124999997,1202.8484374999998,135.80546875,1326.40078125,0.239838585258
24065611.png,1159.4519531249998,285.39570312499995,1272.2828124999999,376.78359374999997,0.074298620224
24065707.png,1202.3031850961538,603.4405048076923,1329.6499399038462,730.37109375,0.863447010517
24065761.png,1285.1201923076922,422.4083533653846,1352.1228966346152,493.5727163461538,0.895583927631
24065833.png,535.563671875,950.6382812499999,635.1203125,1081.848828125,0.113471023738
24065860.png,650.947265625,454.897265625,1212.03828125,904.1785156249999,0.0800126567483
24065860.png,1150.262109375,281.311328125,1259.0085937499998,406.905859375,0.134280309081
24065860.png,737.7402343749999,1160.473046875,874.05625,1287.0886718749998,0.149658411741
24065860.png,679.5378906249999,460.51328125,787.7738281249999,564.154296875,0.208386719227
24065887.png,454.38671874999994,835.765234375,503.909765625,882.2249999999999,0.179387614131
24065914.png,945.5328124999999,304.2859375,1171.19453125,510.03632812499995,0.137831121683
24065914.png,1220.7175781249998,710.1707031249999,1275.34609375,763.7781249999999,0.262833088636
26933772.png,1053.76875,601.4242187499999,1285.55703125,834.23359375,0.133138373494
26933830.png,1208.975,744.887890625,1286.067578125,849.55,0.109220437706
26933830.png,1010.372265625,602.4453125,1296.7890625,1060.91640625,0.313452392817
27829134.png,804.0324519230769,804.8647836538461,925.13671875,915.5649038461538,0.0920577719808
27829134.png,1025.4326923076922,811.1072716346154,1301.3506610576922,1056.2289663461538,0.954137921333
27829161.png,469.0189302884615,813.604266826923,508.9708533653846,853.9723557692307,0.167124703526
27829188.png,757.421875,773.2361778846154,829.0024038461538,852.7238581730769,0.0963514223695
27829188.png,1127.8094951923076,132.34074519230768,1264.7280649038462,302.1364182692308,0.200891450047
27829188.png,930.546875,708.3143028846154,1157.3572716346152,942.6156850961538,0.96358025074
27829215.png,449.04296875,1128.2256610576922,553.5006009615385,1224.776141826923,0.0733349472284
30011507.png,29.101171875,540.669140625,137.33710937499998,656.5632812499999,0.0992312133312
30011507.png,44.417578125,1068.0640624999999,137.33710937499998,1191.61640625,0.830320715904
30011530.png,1249.3082031249999,1202.8484374999998,1297.2996093749998,1258.498046875,0.178249105811
30011530.png,1139.5406249999999,1059.384765625,1265.645703125,1156.388671875,0.180755347013
30011553.png,47.480859374999994,890.9042968749999,159.29062499999998,993.0136718749999,0.0703145936131
30011553.png,206.77148437499997,813.3011718749999,298.669921875,917.4527343749999,0.321537494659
30011647.png,913.8789062499999,622.356640625,955.7437499999999,660.64765625,0.127077192068
30011674.png,270.07929687499995,470.72421875,474.80859374999994,673.9218749999999,0.459780216217
30011700.png,788.284375,1131.8824218749999,850.5710937499999,1190.0847656249998,0.113881289959
30011700.png,608.571875,919.4949218749999,821.9804687499999,1120.650390625,0.155972272158
30011727.png,455.4078125,614.6984375,597.33984375,713.233984375,0.0935979038477
30011727.png,403.33203124999994,729.0609374999999,614.6984375,914.8999999999999,0.552685916424
30011798.png,883.1039663461538,851.475360576923,1024.600360576923,1023.7680288461538,0.0884262397885
30011798.png,1219.7821514423076,392.0282451923077,1284.7040264423076,445.29747596153845,0.108956195414
30011824.png,29.963942307692307,314.6213942307692,260.9359975961538,499.39903846153845,0.727203905582
30318067.png,125.68209134615384,512.3001802884615,594.7010216346154,819.014423076923,0.0763591453433
30318067.png,402.8485576923077,723.7124399038461,715.3891225961538,1159.854266826923,0.083690918982
30318067.png,285.9059495192308,574.7250600961538,372.05228365384613,694.1646634615385,0.734124064445
50993399.png,503.39921874999993,1260.540234375,553.943359375,1312.1054687499998,0.0981120765209
50993399.png,458.47109374999997,1064.490234375,578.4496093749999,1159.9624999999999,0.264904886484
50993426.png,515.141796875,678.516796875,645.841796875,774.499609375,0.0735623985529
50993426.png,620.8249999999999,806.6640624999999,688.2171874999999,872.0140624999999,0.0774575546384
50993426.png,299.691015625,977.6972656249999,352.787890625,1033.346875,0.185822054744
50993426.png,217.49296875,403.33203124999994,444.686328125,611.124609375,0.209074109793
50993426.png,390.56835937499994,575.8968749999999,515.141796875,672.9007812499999,0.231633007526
50993426.png,382.39960937499995,949.106640625,424.775,987.9082031249999,0.240930408239
50993616.png,338.49257812499997,1126.2664062499998,455.91835937499997,1240.118359375,0.101777635515
50993616.png,267.52656249999995,1042.0261718749998,769.394140625,1356.0124999999998,0.747935652733
50993643.png,284.374609375,477.87187499999993,510.54687499999994,676.9851562499999,0.132480338216
50993643.png,351.76679687499995,912.347265625,549.3484374999999,1093.5914062499999,0.591485977173
50993670.png,431.56400240384613,695.4131610576923,555.5814302884615,810.2749399038461,0.131654053926
50993670.png,209.74759615384613,799.0384615384615,599.2788461538461,1144.872295673077,0.355677545071
50993697.png,12.068810096153845,591.7878605769231,374.5492788461538,967.1694711538461,0.278633743525
50993787.png,7.658203124999999,680.0484375,131.72109375,781.6472656249999,0.174864396453
50993787.png,152.14296875,620.314453125,281.311328125,762.2464843749999,0.331723123789
50993787.png,178.18085937499998,1053.258203125,354.83007812499994,1285.55703125,0.578281641006
50993814.png,599.892578125,867.9296874999999,627.462109375,888.3515624999999,0.0828023925424
50993814.png,813.81171875,1285.0464843749999,939.9167968749999,1399.9195312499999,0.147433385253
50993814.png,583.5550781249999,1197.7429687499998,716.2972656249999,1304.9578124999998,0.148954108357
50993814.png,492.67773437499994,925.6214843749999,732.6347656249999,1149.2410156249998,0.152079194784
50993814.png,731.6136718749999,764.7992187499999,1103.8023437499999,1169.15234375,0.183136567473
50993814.png,907.7523437499999,1069.08515625,1034.3679687499998,1158.430859375,0.296299219131
50993814.png,778.5839843749999,1107.88671875,924.6003906249999,1201.82734375,0.438650131226
50993841.png,359.93554687499994,1155.878125,415.58515624999995,1209.99609375,0.0874787047505
50993841.png,273.653125,1139.0300781249998,316.02851562499995,1185.4898437499999,0.0962592437863
50993841.png,229.74609374999997,629.5042968749999,278.248046875,691.28046875,0.104324370623
50993841.png,301.733203125,1076.743359375,504.42031249999997,1277.898828125,0.214077785611
50993841.png,85.26132812499999,522.2894531249999,165.41718749999998,620.8249999999999,0.372244864702
50993841.png,350.23515625,593.25546875,475.31914062499993,688.727734375,0.397630274296
50993841.png,328.28164062499997,927.1531249999999,442.644140625,1056.321484375,0.53319978714
50993841.png,18.890234375,636.651953125,120.48906249999999,745.9089843749999,0.7060084939
50993841.png,181.7546875,434.9859375,326.75,549.3484374999999,0.706049740314
50993868.png,880.1828125,1010.8828124999999,996.5874999999999,1130.861328125,0.0840942561626
50993868.png,727.01875,874.5667968749999,768.3730468749999,912.8578124999999,0.0927188545465
50993868.png,656.5632812499999,982.8027343749999,889.8832031249999,1166.0890625,0.0964619368315
50993868.png,838.31796875,200.644921875,1067.5535156249998,424.264453125,0.105590052903
50993868.png,667.284765625,448.77070312499995,759.6937499999999,551.390625,0.231725364923
50993868.png,967.4863281249999,606.5296874999999,1066.532421875,712.7234374999999,0.272360026836
50993868.png,792.8792968749999,1148.219921875,953.1910156249999,1327.4218749999998,0.27909258008
50993868.png,859.7609375,420.18007812499997,1098.1863281249998,644.8207031249999,0.285755336285
50993895.png,327.260546875,868.4402343749999,678.0062499999999,1227.3546875,0.0749448463321
50993895.png,252.72070312499997,958.8070312499999,285.90625,982.2921875,0.0781456902623
50993895.png,11.232031249999999,495.74101562499993,335.429296875,828.6175781249999,0.174947828054
50993895.png,447.749609375,675.4535156249999,517.1839843749999,772.96796875,0.185500666499
50993895.png,213.40859375,1099.71796875,337.471484375,1208.4644531249999,0.194894477725
50993895.png,244.04140624999997,963.4019531249999,344.61914062499994,1081.848828125,0.260744392872
50993922.png,827.0859374999999,1296.278515625,910.3050781249999,1401.4511718749998,0.0825965180993
50993922.png,718.339453125,971.0601562499999,837.2968749999999,1088.4859374999999,0.103594623506
50993922.png,971.5707031249999,585.597265625,1087.46484375,710.1707031249999,0.179549306631
50993922.png,559.048828125,1247.7765625,647.3734374999999,1352.9492187499998,0.186169937253
50993922.png,500.33593749999994,943.4906249999999,535.563671875,979.739453125,0.249391898513
50993922.png,377.29414062499995,896.0097656249999,901.6257812499999,1209.99609375,0.305066585541
50993922.png,515.65234375,1024.6675781249999,633.5886718749999,1145.6671875,0.441392064095
50993922.png,903.6679687499999,1084.4015625,996.5874999999999,1154.8570312499999,0.441431552172
50993949.png,276.205859375,745.9089843749999,302.24375,772.96796875,0.0722239539027
50993949.png,277.73749999999995,1124.734765625,358.40390625,1229.907421875,0.104497879744
50993949.png,147.0375,461.53437499999995,264.97382812499995,564.154296875,0.141809269786
50993949.png,333.89765624999995,926.13203125,451.83398437499994,1038.45234375,0.172005444765
50993949.png,352.787890625,1016.4988281249999,453.36562499999997,1167.1101562499998,0.309538513422
50993949.png,375.25195312499994,1204.890625,460.00273437499993,1303.426171875,0.54356366396
50993976.png,614.1878906249999,761.7359375,1135.45625,1147.709375,0.0763452351093
50993976.png,793.38984375,1211.0171874999999,1022.6253906249999,1383.071484375,0.079642765224
50993976.png,703.023046875,356.36171874999997,911.8367187499999,584.065625,0.0971488952637
50993976.png,891.4148437499999,281.311328125,1119.629296875,462.04492187499994,0.195471927524
50993976.png,996.0769531249999,676.4746093749999,1102.270703125,764.288671875,0.703937530518
50994110.png,193.49726562499998,709.6601562499999,395.67382812499994,922.5582031249999,0.142507880926
50994110.png,78.113671875,1032.836328125,196.56054687499997,1146.6882812499998,0.71971654892
50994137.png,1032.3257812499999,776.5417968749999,1300.8734375,1076.2328125,0.160905003548
50994137.png,1210.5066406249998,282.33242187499997,1302.4050781249998,433.96484374999994,0.193033188581
50994137.png,1009.3511718749999,517.1839843749999,1239.0972656249999,752.0355468749999,0.453997552395
50994164.png,103.13046874999999,1143.114453125,151.121875,1183.958203125,0.0720899328589
50994164.png,2.552734375,502.88867187499994,191.965625,740.2929687499999,0.186207428575
50994164.png,192.98671875,900.6046875,314.496875,1010.8828124999999,0.206163734198
50994191.png,1063.469140625,680.5589843749999,1283.004296875,897.030859375,0.0754189789295
50994191.png,1219.1859375,408.43749999999994,1279.9410156249999,471.74531249999995,0.280665576458
50994273.png,1112.9921875,163.375,1225.3125,283.8640625,0.0948325321078
50994300.png,1028.24140625,870.4824218749999,1137.4984375,988.4187499999999,0.0736770257354
50994300.png,1067.5535156249998,479.40351562499995,1288.6203125,673.411328125,0.118367753923
50994327.png,177.15976562499998,738.761328125,374.23085937499997,944.001171875,0.0918797776103
50994327.png,2.552734375,1012.4144531249999,292.0328125,1192.6374999999998,0.622095406055
50994354.png,1100.7390624999998,384.44179687499997,1272.2828124999999,561.091015625,0.415144234896
50994408.png,1096.1441406249999,1030.794140625,1261.05078125,1220.20703125,0.0915003865957
50994408.png,1099.71796875,477.36132812499994,1302.9156249999999,664.2214843749999,0.146317392588
50994535.png,692.0838341346154,765.3290264423076,850.6430288461538,960.0946514423076,0.0814236700535
50994535.png,884.7686298076923,545.5934495192307,1214.3719951923076,994.2202524038461,0.0837519913912
50994535.png,1087.44140625,539.7671274038461,1210.6265024038462,665.44921875,0.101317442954
50994535.png,905.576923076923,832.3317307692307,1033.7560096153845,937.2055288461538,0.382005184889
50994562.png,837.3257211538461,684.5928485576923,1027.5135216346152,905.576923076923,0.0892634391785
50994562.png,987.5615985576923,355.40564903846155,1229.3539663461538,582.2160456730769,0.150178566575
50994562.png,1064.5522836538462,684.1766826923076,1176.084735576923,784.47265625,0.155476137996
50994589.png,782.8079927884615,1033.33984375,906.4092548076923,1139.462139423077,0.110618561506
50994589.png,1188.153545673077,636.3176081730769,1335.0600961538462,747.8500600961538,0.120717301965
50994616.png,1061.6391225961538,238.87920673076923,1377.0928485576922,558.0784254807692,0.0891710668802
50994706.png,1169.15234375,640.22578125,1222.759765625,693.833203125,0.189213290811
50994706.png,989.4398437499999,830.1492187499999,1088.996484375,969.0179687499999,0.312985032797
50994733.png,225.151171875,923.579296875,450.30234375,1130.35078125,0.0823625102639
50994733.png,282.84296874999995,584.576171875,396.184375,670.85859375,0.090765722096
50994733.png,215.45078124999998,682.601171875,450.81289062499997,906.7312499999999,0.27651771903
50994733.png,109.76757812499999,446.21796874999995,181.7546875,547.8167968749999,0.31518009305
50994760.png,898.051953125,546.7957031249999,1046.62109375,744.3773437499999,0.0961386114359
50994760.png,894.478125,722.4238281249999,1246.2449218749998,1108.9078124999999,0.121715933084
50994760.png,972.08125,1189.063671875,1192.6374999999998,1364.691796875,0.165458142757
50994760.png,1209.485546875,1151.283203125,1273.30390625,1232.970703125,0.469241291285
50994760.png,935.8324218749999,763.7781249999999,1012.925,856.187109375,0.817189693451
50994787.png,153.674609375,869.971875,382.91015624999994,1070.6167968749999,0.118232652545
50994787.png,76.071484375,411.50078125,139.88984374999998,467.66093749999993,0.149500176311
50994787.png,233.31992187499998,599.38203125,408.43749999999994,837.2968749999999,0.308598458767
50994787.png,5.10546875,377.80468749999994,188.90234374999997,630.525390625,0.381524771452
50994787.png,272.63203124999995,1120.650390625,379.33632812499997,1248.7976562499998,0.436792433262
50994814.png,369.63593749999995,549.3484374999999,441.11249999999995,647.883984375,0.222616359591
50994814.png,290.50117187499995,1077.7644531249998,368.61484375,1157.4097656249999,0.319077432156
50994841.png,1056.321484375,1135.966796875,1098.1863281249998,1184.9792968749998,0.0775288119912
50994841.png,1106.3550781249999,735.1874999999999,1179.8738281249998,831.1703124999999,0.0983791947365
50994841.png,963.9124999999999,790.3265624999999,1001.1824218749999,828.6175781249999,0.161167114973
50994841.png,986.3765624999999,609.0824218749999,1035.3890625,662.179296875,0.203713089228
50994841.png,994.5453124999999,1130.35078125,1174.7683593749998,1319.7636718749998,0.333204239607
50994841.png,882.2249999999999,702.0019531249999,1015.9882812499999,830.659765625,0.833375513554
50994868.png,2.0421875,401.800390625,274.67421874999997,729.571484375,0.172147125006
50994868.png,213.40859375,1204.380078125,375.25195312499994,1389.1980468749998,0.295684695244
50994868.png,68.41328125,753.0566406249999,182.26523437499998,876.0984374999999,0.3481528759
50994895.png,1007.3089843749999,821.9804687499999,1116.0554687499998,957.2753906249999,0.0840986520052
50994895.png,1000.6718749999999,942.4695312499999,1082.8699218749998,1071.12734375,0.0863325074315
50994895.png,1039.4734374999998,709.149609375,1096.6546875,758.6726562499999,0.196902871132
50994895.png,1104.8234375,777.5628906249999,1254.92421875,896.0097656249999,0.231834068894
50994895.png,998.1191406249999,463.066015625,1144.6460937499999,588.15,0.573026120663
50994895.png,983.3132812499999,624.3988281249999,1189.57421875,810.237890625,0.739116668701
50995762.png,1115.034375,1007.3089843749999,1151.7937499999998,1040.49453125,0.115109331906
50995762.png,954.7226562499999,944.001171875,1184.46875,1136.4773437499998,0.159358054399
50995789.png,1121.6714843749999,722.4238281249999,1176.810546875,780.1156249999999,0.103126302361
50995789.png,999.1402343749999,601.4242187499999,1048.66328125,649.9261718749999,0.572309494019
50995872.png,495.23046874999994,836.2757812499999,654.52109375,1026.7097656249998,0.20437130332
50995899.png,231.27773437499997,702.5124999999999,361.46718749999997,800.026953125,0.0708840414882
50995899.png,313.47578124999995,580.491796875,566.196484375,788.7949218749999,0.377918660641
50996056.png,204.33743990384613,827.3377403846154,333.76502403846155,930.9630408653845,0.6222230196
50996083.png,1013.780048076923,823.5922475961538,1047.489483173077,850.2268629807692,0.0923248156905
50996083.png,1014.6123798076923,957.59765625,1146.953125,1067.4654447115383,0.246325850487
50996110.png,182.69681490384613,940.9510216346154,287.1544471153846,1062.8876201923076,0.346555203199
50996137.png,1105.752704326923,514.3810096153846,1216.4528245192307,620.5033052884615,0.484282791615
50996201.png,114.87304687499999,470.72421875,496.2515625,838.8285156249999,0.131982445717
50996228.png,4.084375,504.42031249999997,378.315234375,868.95078125,0.356837332249
50996379.png,275.6953125,1167.6207031249999,325.72890624999997,1210.5066406249998,0.0775175243616
50996379.png,332.8765625,815.8539062499999,383.420703125,864.86640625,0.309365272522
50996709.png,1339.2217548076922,1024.1841947115383,1382.5030048076922,1070.7947716346152,0.12704603374
50996709.png,824.424579326923,615.5093149038461,922.2235576923076,754.0925480769231,0.140325412154
50996709.png,844.4005408653845,470.26742788461536,1239.3419471153845,819.4305889423076,0.37564048171
50996709.png,891.0111177884615,525.6174879807692,1022.51953125,624.2487980769231,0.403328150511
50996736.png,1164.8482572115383,844.8167067307692,1220.614483173077,895.1727764423076,0.105513125658
50996736.png,1084.112079326923,1132.3873197115383,1144.4561298076922,1180.6625600961538,0.12391448766
50996736.png,1151.9471153846152,678.3503605769231,1255.988581730769,803.2001201923076,0.165403097868
50996736.png,1341.71875,1194.3960336538462,1383.7515024038462,1240.1742788461538,0.207042098045
50996736.png,1017.9417067307692,971.7472956730769,1072.0432692307693,1026.6811899038462,0.225426539779
50996736.png,1106.1688701923076,357.0703125,1349.6259014423076,554.3329326923076,0.407482534647
50996800.png,629.6589543269231,1286.3686899038462,777.8140024038461,1376.260516826923,0.117494754493
50996827.png,1023.3518629807692,969.6664663461538,1061.2229567307693,1002.959735576923,0.0851702988148
50996854.png,347.4984975961538,789.8828125,757.421875,1114.4921875,0.162468835711
50996854.png,551.0036057692307,1292.1950120192307,613.8446514423076,1336.30859375,0.228066816926
50996881.png,923.8882211538461,590.9555288461538,1153.1956129807693,769.0745192307692,0.427367508411
50996945.png,277.99879807692304,640.8954326923076,404.0970552884615,747.0177283653845,0.0911554321647
50996945.png,309.6274038461538,881.4393028846154,470.68359375,1055.3966346153845,0.105944044888
50996972.png,1263.0634014423076,499.39903846153845,1317.997295673077,547.2581129807692,0.11207562685
50996972.png,912.2355769230769,724.5447716346154,1178.1655649038462,907.2415865384615,0.813695251942
50996999.png,376.21394230769226,731.2034254807692,490.2433894230769,823.1760817307692,0.0982967019081
50997026.png,1229.7701322115383,805.2809495192307,1278.0453725961538,848.1460336538461,0.120885133743
50997026.png,1010.4507211538461,542.2641225961538,1332.1469350961538,876.0291466346154,0.639481663704
50997080.png,406.3953125,588.15,515.141796875,702.5124999999999,0.211170092225
50997107.png,545.774609375,640.22578125,631.0359374999999,756.63046875,0.595991671085
50997107.png,686.6855468749999,603.9769531249999,1110.439453125,943.4906249999999,0.780890166759
50997134.png,920.5160156249999,513.6101562499999,1138.51953125,738.761328125,0.296330749989
50997223.png,136.31601562499998,1039.9839843749999,268.037109375,1162.0046874999998,0.102132238448
50997223.png,371.67812499999997,935.3218749999999,419.66953125,992.503125,0.125033229589
50997223.png,210.34531249999998,684.6433593749999,454.38671874999994,879.16171875,0.165094047785
50997223.png,287.94843749999995,1253.9031249999998,336.96093749999994,1307.0,0.24141548574
50997223.png,270.07929687499995,905.1996093749999,399.24765625,1024.1570312499998,0.259089261293
50997223.png,337.98203125,746.41953125,403.842578125,806.6640624999999,0.262108266354
50997250.png,862.8242187499999,1212.548828125,910.815625,1252.371484375,0.0756148770452
50997250.png,843.9339843749999,664.2214843749999,892.4359374999999,707.1074218749999,0.0891107171774
50997250.png,937.3640624999999,782.1578125,1043.5578125,892.946484375,0.105226382613
50997250.png,715.2761718749999,1061.9375,750.5039062499999,1092.059765625,0.105953402817
50997250.png,986.8871093749999,1390.219140625,1030.28359375,1424.4257812499998,0.111024655402
50997250.png,768.3730468749999,1007.81953125,799.0058593749999,1039.4734374999998,0.117115743458
50997250.png,776.5417968749999,568.74921875,1198.2535156249999,953.7015624999999,0.141705900431
50997250.png,948.5960937499999,1153.325390625,1073.680078125,1245.223828125,0.191791638732
50997250.png,1007.3089843749999,970.0390624999999,1107.376171875,1058.87421875,0.220315501094
50997250.png,681.06953125,933.790234375,1107.376171875,1273.814453125,0.246832311153
50997250.png,911.3261718749999,1053.76875,973.6128906249999,1129.3296874999999,0.256216078997
50997250.png,673.411328125,992.503125,775.0101562499999,1125.2453125,0.359161347151
50997277.png,267.52656249999995,983.3132812499999,320.62343749999997,1035.3890625,0.0997761115432
50997277.png,337.98203125,1071.637890625,379.33632812499997,1114.523828125,0.106767833233
50997277.png,96.493359375,904.1785156249999,152.14296875,952.1699218749999,0.108839318156
50997277.png,39.822656249999994,546.28515625,98.535546875,608.571875,0.114273622632
50997277.png,163.885546875,1042.0261718749998,216.47187499999998,1096.1441406249999,0.162790969014
50997277.png,224.13007812499998,828.10703125,268.037109375,880.6933593749999,0.206528097391
50997277.png,208.81367187499998,826.575390625,445.196875,1051.216015625,0.450408905745
50997277.png,3.5738281249999995,396.694921875,357.38281249999994,739.782421875,0.550976216793
50997277.png,317.049609375,1099.207421875,424.775,1248.287109375,0.708826065063
50997304.png,1013.4355468749999,590.1921874999999,1068.574609375,653.5,0.0748880133033
50997304.png,868.95078125,769.394140625,908.7734374999999,805.6429687499999,0.0785386636853
50997304.png,1142.0933593749999,391.589453125,1207.443359375,453.36562499999997,0.0835272595286
50997304.png,1203.3589843749999,368.61484375,1276.3671875,418.64843749999994,0.104068346322
50997304.png,1036.9207031249998,474.29804687499995,1096.6546875,535.563671875,0.147754594684
50997304.png,912.8578124999999,1116.5660156249999,957.2753906249999,1155.367578125,0.204116344452
50997304.png,732.6347656249999,802.5796875,865.3769531249999,905.71015625,0.345612198114
50997304.png,939.4062499999999,325.72890624999997,1301.383984375,626.441015625,0.762837290764
50997304.png,721.4027343749999,583.5550781249999,1117.0765625,973.6128906249999,0.779230952263
50997434.png,521.0396634615385,1370.0180288461538,574.7250600961538,1412.883112980769,0.0879543498158
50997434.png,0.41616586538461536,1030.8428485576922,54.1015625,1171.923076923077,0.101158134639
50997434.png,472.34825721153845,1044.16015625,580.9675480769231,1134.4681490384614,0.13723897934
50997434.png,518.9588341346154,602.6081730769231,649.21875,711.6436298076923,0.235003069043
50997434.png,397.02223557692304,452.7884615384615,542.2641225961538,589.2908653846154,0.352456212044
50997488.png,8.739483173076923,622.16796875,466.5219350961538,968.8341346153845,0.0745372027159
50997488.png,553.5006009615385,1205.6325120192307,602.6081730769231,1254.7400841346152,0.0952373147011
50997488.png,450.2914663461538,1064.5522836538462,557.6622596153846,1165.6805889423076,0.116146937013
50997488.png,131.09224759615384,825.6730769230769,248.03485576923075,941.7833533653845,0.16835577786
50997488.png,514.7971754807692,639.6469350961538,569.3149038461538,707.4819711538461,0.287972956896
50997597.png,26.218449519230766,516.8780048076923,136.08623798076923,632.5721153846154,0.1124997437
50997624.png,1359.1977163461538,716.6376201923076,1383.7515024038462,761.1673677884615,0.0840899273753
50997624.png,1126.9771634615383,1097.4293870192307,1161.9350961538462,1129.0579927884614,0.107700653374
50997651.png,220.56790865384613,548.5066105769231,264.68149038461536,580.9675480769231,0.0858197212219
50997651.png,37.45492788461538,510.63551682692304,86.97866586538461,547.6742788461538,0.14058843255
50997678.png,1342.551081730769,1237.6772836538462,1383.7515024038462,1283.4555288461538,0.0799987837672
50997678.png,960.5108173076923,799.4546274038461,1012.1153846153845,853.9723557692307,0.534255743027
50997742.png,405.76171875,1154.8602764423076,504.3930288461538,1241.4227764423076,0.100050412118
50997796.png,210.16376201923075,1337.140925480769,261.35216346153845,1378.3413461538462,0.0911674126983
50997823.png,1142.7914663461538,782.3918269230769,1188.5697115384614,824.0084134615385,0.344411224127
50998032.png,1237.565625,1336.1011718749999,1301.383984375,1373.3710937499998,0.110280863941
50998032.png,1032.836328125,545.774609375,1148.73046875,677.495703125,0.112729847431
50998032.png,758.1621093749999,570.7914062499999,866.9085937499999,693.3226562499999,0.21395906806
50998032.png,713.7445312499999,439.580859375,1107.376171875,799.0058593749999,0.350619494915
50998086.png,645.33125,564.154296875,829.128125,796.4531249999999,0.112024210393
50998086.png,1223.7808593749999,953.7015624999999,1272.2828124999999,995.5664062499999,0.137458920479
50998086.png,974.1234374999999,615.208984375,1028.24140625,666.7742187499999,0.164984285831
50998086.png,1205.4011718749998,528.416015625,1242.67109375,566.196484375,0.174190104008
50998086.png,1257.476953125,672.9007812499999,1294.7468749999998,715.2761718749999,0.264960974455
50998086.png,672.390234375,842.4023437499999,706.596875,876.0984374999999,0.316215664148
50998086.png,777.05234375,474.80859374999994,1301.383984375,792.8792968749999,0.595969676971
50998086.png,806.153515625,479.91406249999994,907.7523437499999,615.208984375,0.836347341537
50998177.png,430.7316706730769,1029.5943509615383,603.0243389423076,1185.2403846153845,0.0897418931127
50998177.png,581.7998798076923,912.6517427884615,663.7845552884615,1029.1781850961538,0.400973677635
50998204.png,1356.7007211538462,127.3467548076923,1384.5838341346152,211.4122596153846,0.13771571219
50998231.png,464.85727163461536,910.5709134615385,584.7130408653846,1022.9356971153845,0.338768333197
50998258.png,714.140625,742.8560697115385,851.8915264423076,841.9035456730769,0.2888212502
50998322.png,1206.422265625,129.67890624999998,1268.708984375,191.45507812499997,0.138415113091
50998322.png,1014.4566406249999,1069.08515625,1177.3210937499998,1160.98359375,0.373218536377
50998349.png,946.0433593749999,764.288671875,1074.190625,866.398046875,0.0812050327659
50998349.png,1167.1101562499998,743.866796875,1299.341796875,860.7820312499999,0.0944986864924
50998467.png,403.26472355769226,688.7545072115385,500.2313701923077,856.4693509615385,0.340484917164
50998494.png,851.475360576923,706.6496394230769,909.3224158653845,769.9068509615385,0.074855953455
50998494.png,904.7445913461538,653.3804086538461,985.0646033653845,766.1613581730769,0.25139439106
50998580.png,345.4176682692308,533.9408052884615,401.1838942307692,588.4585336538461,0.283160030842
50998580.png,290.0676081730769,483.58473557692304,506.4738581730769,662.9522235576923,0.32793211937
50998607.png,876.4453125,801.5354567307692,1203.5516826923076,1196.476862980769,0.0884608924389
50998607.png,956.3491586538461,1044.5763221153845,1061.2229567307693,1134.4681490384614,0.128861710429
50998634.png,80.73617788461539,543.0964543269231,290.0676081730769,738.2782451923076,0.422507971525
50998661.png,1225.1923076923076,482.3362379807692,1317.997295673077,576.8058894230769,0.0826941132545
50998661.png,905.9930889423076,814.4365985576923,979.6544471153845,886.0171274038461,0.0856618136168
50998981.png,1043.047265625,541.6902343749999,1155.878125,689.2382812499999,0.853391587734
50999008.png,1134.945703125,591.723828125,1260.0296875,730.0820312499999,0.90906971693
50999094.png,95.47226562499999,835.765234375,205.750390625,950.1277343749999,0.0822044536471
50999094.png,235.362109375,756.63046875,371.67812499999997,857.208203125,0.114196889102
50999094.png,12.763671874999998,598.3609375,463.066015625,1018.5410156249999,0.173715636134
50999148.png,6.637109375,576.91796875,410.99023437499994,923.0687499999999,0.254973739386
50999246.png,224.64062499999997,779.0945312499999,448.26015624999997,980.2499999999999,0.448619425297
50999273.png,869.971875,862.313671875,1293.215234375,1229.907421875,0.089475877583
50999300.png,0.510546875,468.68203124999997,263.4421875,679.0273437499999,0.252782762051
50999300.png,385.46289062499994,784.1999999999999,440.09140625,841.3812499999999,0.420595407486
50999327.png,688.2171874999999,662.179296875,767.8625,763.7781249999999,0.091289460659
50999432.png,407.0102163461538,727.4579326923076,558.4945913461538,914.31640625,0.930515170097
50999459.png,330.01953125,632.5721153846154,538.5186298076923,870.6189903846154,0.982387721539
51048738.png,786.2421874999999,340.02421875,978.2078124999999,524.8421874999999,0.114382058382
51048765.png,1005.266796875,1232.46015625,1096.6546875,1295.2574218749999,0.1533626616
51048765.png,1041.005078125,255.783984375,1288.109765625,407.41640624999997,0.341508865356
51048891.png,291.73227163461536,676.6856971153845,525.6174879807692,898.5021033653845,0.243934303522
51048891.png,590.5393629807692,838.57421875,731.6195913461538,943.8641826923076,0.33417725563
51048918.png,709.5628004807692,623.4164663461538,760.7512019230769,678.7665264423076,0.358433485031
51048918.png,742.4399038461538,740.7752403846154,851.8915264423076,858.9663461538461,0.500319540501
51048945.png,194.3494591346154,968.8341346153845,272.58864182692304,1047.0733173076922,0.0824612006545
51048945.png,416.16586538461536,980.4867788461538,526.8659855769231,1117.821514423077,0.314653038979
51048945.png,19.559795673076923,513.1325120192307,255.94200721153845,690.0030048076923,0.542482554913
51048945.png,576.3897235576923,800.703125,677.1018629807692,913.9002403846154,0.617294430733
51048972.png,872.2836538461538,748.6823918269231,1077.4534254807693,965.5048076923076,0.0760458037257
51049053.png,250.53185096153845,975.908954326923,337.09435096153845,1062.8876201923076,0.424983769655
51049053.png,392.0282451923077,583.8807091346154,600.1111778846154,763.2481971153845,0.467632502317
51049080.png,1023.3518629807692,466.1057692307692,1135.7166466346152,539.7671274038461,0.0957689881325
51049080.png,806.11328125,533.1084735576923,953.8521634615385,629.2427884615385,0.770936429501
51049107.png,515.2133413461538,814.0204326923076,611.34765625,928.8822115384615,0.0980340763927
51049107.png,219.7355769230769,1008.369891826923,251.7803485576923,1034.5883413461538,0.109292089939
51049107.png,231.80438701923075,724.5447716346154,350.8278245192308,835.244891826923,0.125208929181
51049107.png,375.7977764423077,1301.3506610576922,449.8753004807692,1359.6138822115383,0.19246762991
51049107.png,178.53515625,993.8040865384614,294.22926682692304,1108.2496995192307,0.196028590202
51049134.png,908.4900841346154,651.7157451923076,1079.950420673077,867.705829326923,0.07650924474
51049134.png,846.4813701923076,1055.3966346153845,890.1787860576923,1095.3485576923076,0.0931098014116
51049134.png,946.3611778846154,416.58203125,1099.0940504807693,613.8446514423076,0.0951169803739
51049134.png,1027.0973557692307,511.8840144230769,1061.2229567307693,541.015625,0.127779051661
51049134.png,982.1514423076923,758.6703725961538,1026.2650240384614,797.7899639423076,0.245307564735
51049134.png,786.9696514423076,858.9663461538461,829.4185697115385,900.5829326923076,0.249133855104
51049134.png,1053.7319711538462,567.2340745192307,1161.9350961538462,682.0958533653845,0.477595627308
51049249.png,428.6508413461538,856.4693509615385,483.58473557692304,925.13671875,0.443825632334
51049276.png,341.6721754807692,985.8969350961538,533.5246394230769,1220.614483173077,0.10337189585
51049462.png,218.5140625,827.5964843749999,272.12148437499997,868.95078125,0.0867220759392
51049462.png,189.412890625,626.9515624999999,406.905859375,844.44453125,0.0951434150338
51049462.png,361.97773437499995,1288.109765625,476.85078124999995,1374.3921874999999,0.0966306775808
51049462.png,320.112890625,777.5628906249999,370.14648437499994,831.1703124999999,0.187941893935
51049489.png,1120.650390625,726.5082031249999,1169.15234375,795.942578125,0.0705694407225
51049489.png,1031.3046875,1050.70546875,1085.9332031249999,1097.67578125,0.0711031258106
51049489.png,904.1785156249999,707.1074218749999,951.1488281249999,754.5882812499999,0.0969531610608
51049489.png,1169.15234375,122.53124999999999,1294.7468749999998,204.729296875,0.222373977304
51049489.png,888.8621093749999,514.120703125,1073.1695312499999,672.390234375,0.316498100758
51049489.png,988.9292968749999,576.91796875,1029.7730468749999,618.2722656249999,0.406157374382
51049489.png,755.6093749999999,657.073828125,1028.24140625,880.6933593749999,0.482498943806
51049516.png,95.9828125,670.3480468749999,498.804296875,1039.4734374999998,0.0919142514467
51049516.png,227.70390625,1266.6667968749998,382.91015624999994,1436.168359375,0.0953261181712
51049516.png,120.48906249999999,1202.8484374999998,158.26953125,1235.5234375,0.101930260658
51049516.png,44.928124999999994,550.880078125,97.51445312499999,608.571875,0.101943276823
51049516.png,31.65390625,488.08281249999993,305.81757812499995,677.495703125,0.126689270139
51049516.png,102.61992187499999,1155.878125,243.53085937499998,1247.7765625,0.148894757032
51049516.png,219.02460937499998,829.128125,337.471484375,947.5749999999999,0.413118213415
51049516.png,353.2984375,922.0476562499999,416.09570312499994,977.18671875,0.450190097094
51049543.png,1085.4226562499998,628.4832031249999,1131.8824218749999,678.0062499999999,0.0862939879298
51049543.png,937.8746093749999,325.218359375,1087.46484375,491.65664062499997,0.102158278227
51049543.png,830.659765625,730.0820312499999,944.5117187499999,831.1703124999999,0.121365852654
51049543.png,788.7949218749999,683.622265625,1298.83125,997.60859375,0.171869009733
51049543.png,1181.916015625,471.74531249999995,1298.320703125,566.196484375,0.39961618185
51049543.png,1160.98359375,852.102734375,1305.97890625,944.001171875,0.646564424038
51049628.png,415.07460937499997,1108.9078124999999,546.28515625,1207.443359375,0.117562390864
51049628.png,350.745703125,678.0062499999999,555.4749999999999,878.1406249999999,0.26146671176
51049655.png,1050.70546875,867.9296874999999,1104.312890625,925.1109374999999,0.0705296769738
51049655.png,884.7777343749999,942.4695312499999,932.7691406249999,984.844921875,0.136027261615
51049655.png,777.05234375,815.8539062499999,1026.19921875,1033.857421875,0.243374764919
51049655.png,929.7058593749999,796.4531249999999,986.3765624999999,851.5921874999999,0.416994690895
51049682.png,5.616015624999999,454.897265625,163.885546875,692.3015624999999,0.0720418095589
51049682.png,244.55195312499998,1295.2574218749999,381.378515625,1381.5398437499998,0.105368323624
51049682.png,339.51367187499994,562.1121093749999,397.20546874999997,614.1878906249999,0.158981606364
51049682.png,344.61914062499994,787.26328125,468.68203124999997,908.7734374999999,0.178555116057
51049682.png,340.02421875,708.128515625,389.54726562499997,756.1199218749999,0.459188133478
51070197.png,945.5328124999999,488.08281249999993,1306.489453125,763.2675781249999,0.0931192860007
51070197.png,1025.178125,991.9925781249999,1058.363671875,1017.5199218749999,0.0942607149482
51070197.png,975.6550781249999,499.31484374999997,1048.66328125,568.2386718749999,0.146090388298
51070197.png,819.9382812499999,871.503515625,1306.489453125,1234.50234375,0.230497270823
51070197.png,1120.13984375,944.001171875,1255.9453125,1031.8152343749998,0.581767082214
53580611.png,486.0817307692307,741.6075721153845,584.296875,864.3765024038461,0.0871611237526
53580611.png,181.4483173076923,1011.69921875,207.66676682692307,1032.9236778846152,0.123156577349
53580638.png,1203.5516826923076,221.4002403846154,1253.4915865384614,285.9059495192308,0.0748415589333
53580638.png,891.0111177884615,750.7632211538461,1078.2857572115383,977.9897836538461,0.171004399657
53580638.png,1303.4314903846152,984.2322716346154,1329.6499399038462,1009.6183894230769,0.182940289378
53580665.png,186.02614182692307,477.75841346153845,215.9900841346154,498.5667067307692,0.280186206102
53580665.png,85.31400240384615,358.73497596153845,271.3401442307692,599.6950120192307,0.2883220613
53580692.png,1017.5255408653845,707.0658052884615,1075.3725961538462,770.323016826923,0.0724769458175
53580692.png,1145.7046274038462,557.6622596153846,1174.8362379807693,581.7998798076923,0.0756861716509
53580692.png,926.8013822115385,488.99489182692304,1203.9678485576922,649.21875,0.156896367669
53580692.png,1307.176983173077,450.2914663461538,1340.8864182692307,478.5907451923077,0.221787512302
53580692.png,1228.5216346153845,421.9921875,1358.3653846153845,519.7911658653846,0.543673276901
53580804.png,271.3401442307692,948.858173076923,390.3635817307692,1047.9056490384614,0.113128997386
53580804.png,456.53395432692304,1028.7620192307693,507.7223557692307,1069.130108173077,0.1218303442
53580804.png,27.05078125,707.8981370192307,74.49368990384615,750.3470552884615,0.139796867967
53580804.png,25.386117788461537,110.28395432692307,76.99068509615384,165.6340144230769,0.253310978413
53580804.png,28.71544471153846,581.7998798076923,76.57451923076923,636.7337740384615,0.289963066578
53580804.png,47.02674278846153,975.4927884615385,191.43629807692307,1106.1688701923076,0.833829402924
53580831.png,910.5709134615385,1107.001201923077,1175.6685697115383,1277.629206730769,0.0734932795167
53580831.png,1021.6871995192307,368.7229567307692,1093.2677283653845,428.6508413461538,0.0777423977852
53580831.png,1259.7340745192307,546.42578125,1299.269831730769,582.6322115384615,0.0867388173938
53580831.png,1196.476862980769,1099.5102163461538,1316.3326322115383,1200.2223557692307,0.192178159952
53580831.png,1269.7220552884614,587.2100360576923,1317.5811298076922,632.1559495192307,0.209404140711
53580831.png,1092.0192307692307,1130.72265625,1144.4561298076922,1183.5757211538462,0.265514642
53580831.png,969.2503004807692,937.2055288461538,1065.3846153846152,1044.5763221153845,0.665591835976
53580858.png,45.77824519230769,697.4939903846154,193.10096153846152,839.8227163461538,0.929355680943
53580885.png,1198.973858173077,484.41706730769226,1336.30859375,594.7010216346154,0.0758823081851
53580885.png,962.5916466346154,630.9074519230769,1045.8248197115383,711.6436298076923,0.124979913235
53580979.png,276.205859375,860.2714843749999,386.483984375,964.9335937499999,0.186997309327
53580979.png,257.31562499999995,571.301953125,465.61875,823.0015625,0.221453458071
53581006.png,913.368359375,602.4453125,996.5874999999999,694.3437499999999,0.189972087741
53581033.png,385.46289062499994,918.9843749999999,494.71992187499995,1037.4312499999999,0.101614452899
53581033.png,174.096484375,1056.83203125,377.29414062499995,1302.9156249999999,0.111579589546
53581033.png,123.55234374999999,1204.380078125,179.201953125,1263.09296875,0.11485324055
53581033.png,109.25703125,527.90546875,452.34453125,918.9843749999999,0.122868947685
53581060.png,782.1578125,942.9800781249999,882.2249999999999,1059.384765625,0.120458893478
53581060.png,968.5074218749999,608.571875,1182.9371093749999,815.343359375,0.165396660566
53581124.png,7.658203124999999,948.5960937499999,370.14648437499994,1231.949609375,0.0875321254134
53581151.png,9.18984375,751.0144531249999,364.53046874999995,1123.7136718749998,0.0816164836287
53581151.png,44.928124999999994,1018.5410156249999,95.47226562499999,1069.08515625,0.125774428248
53581151.png,204.21874999999997,851.5921874999999,315.51796874999997,963.9124999999999,0.157191514969
53581151.png,13.27421875,354.31953124999995,192.47617187499998,562.1121093749999,0.24011130631
53581151.png,11.742578125,567.728125,113.34140624999999,688.2171874999999,0.780799031258
53581237.png,665.753125,641.2468749999999,744.887890625,736.20859375,0.108536988497
53581237.png,1033.857421875,947.0644531249999,1107.376171875,1038.45234375,0.268050640821
53581237.png,815.343359375,890.9042968749999,879.16171875,951.1488281249999,0.297710776329
53581237.png,663.200390625,863.3347656249999,772.96796875,1000.6718749999999,0.583279848099
53581406.png,873.5457031249999,833.7230468749999,974.1234374999999,942.9800781249999,0.668519794941
53581433.png,443.15468749999997,689.7488281249999,548.837890625,774.499609375,0.0713796168566
53581460.png,862.313671875,528.416015625,1115.544921875,706.0863281249999,0.140286505222
53581460.png,955.2332031249999,577.9390625,1022.1148437499999,643.2890625,0.176060810685
53581460.png,1084.4015625,347.17187499999994,1196.721875,428.34882812499995,0.42817735672
53581460.png,973.6128906249999,430.39101562499997,1058.363671875,527.3949218749999,0.786071240902
53581769.png,405.37421874999995,737.7402343749999,494.71992187499995,840.870703125,0.0836490392685
53581769.png,187.37070312499998,1060.91640625,330.83437499999997,1167.1101562499998,0.163916707039
53581796.png,15.826953125,395.16328124999995,117.42578124999999,516.6734375,0.245789900422
53581860.png,15.826953125,810.7484374999999,51.05468749999999,873.5457031249999,0.0714242383838
53581860.png,8.679296874999999,749.4828124999999,245.06249999999997,954.7226562499999,0.156566336751
53581860.png,283.353515625,851.081640625,395.67382812499994,983.8238281249999,0.162686690688
53581887.png,796.4531249999999,955.7437499999999,884.7777343749999,1082.359375,0.0929476842284
53581914.png,17.358593749999997,434.9859375,227.70390625,614.6984375,0.0782227367163
53581941.png,1147.709375,352.27734374999994,1302.4050781249998,436.00703124999995,0.203162804246
53582422.png,830.1492187499999,1144.6460937499999,974.1234374999999,1243.181640625,0.152958586812
53582540.png,805.132421875,879.16171875,1211.527734375,1216.1226562499999,0.0955777391791
53582540.png,1076.743359375,1107.88671875,1156.388671875,1205.4011718749998,0.168517366052
53582540.png,1039.4734374999998,1244.2027343749999,1148.73046875,1357.03359375,0.175851598382
53582540.png,1169.6628906249998,102.10937499999999,1257.476953125,188.90234374999997,0.21078158915
53582567.png,843.4234375,843.4234375,943.4906249999999,983.3132812499999,0.324624717236
53582656.png,25.527343749999996,531.4792968749999,68.41328125,585.0867187499999,0.0999530777335
53582656.png,17.869140625,769.394140625,92.40898437499999,914.8999999999999,0.209232509136
53582656.png,27.569531249999997,729.571484375,375.7625,1249.3082031249999,0.67060738802
53582683.png,97.51445312499999,530.96875,258.847265625,708.6390624999999,0.124106131494
53582683.png,47.99140625,1024.1570312499998,77.09257812499999,1059.384765625,0.203607648611
53582683.png,56.16015624999999,813.3011718749999,131.72109375,864.3558593749999,0.238152191043
53582683.png,10.721484375,992.503125,368.104296875,1330.4851562499998,0.258447527885
53582683.png,0.0,779.0945312499999,431.92265625,1026.19921875,0.694704353809
53582710.png,961.3597656249999,1080.8277343749999,1071.637890625,1211.527734375,0.0912455245852
53582737.png,286.92734375,762.2464843749999,414.5640625,864.3558593749999,0.259645015001
53582737.png,311.944140625,586.1078124999999,400.77929687499994,672.9007812499999,0.446582019329
53582737.png,156.22734375,487.06171874999995,348.19296875,708.6390624999999,0.543097138405
53582764.png,744.887890625,681.5800781249999,862.8242187499999,784.1999999999999,0.075121216476
53582764.png,957.2753906249999,994.0347656249999,1033.857421875,1056.83203125,0.0877396315336
53582791.png,320.112890625,794.921484375,441.11249999999995,892.4359374999999,0.10170968622
53582791.png,276.71640625,695.8753906249999,353.2984375,791.3476562499999,0.108362428844
53582791.png,264.46328124999997,1158.94140625,364.53046874999995,1265.13515625,0.159660235047
53582791.png,75.05039062499999,583.5550781249999,201.15546874999998,674.4324218749999,0.188325926661
53582791.png,386.483984375,841.3812499999999,415.58515624999995,864.3558593749999,0.202545031905
53582791.png,9.700390624999999,546.28515625,383.420703125,875.07734375,0.401232719421
53582818.png,893.4570312499999,623.88828125,1093.0808593749998,826.0648437499999,0.134900808334
53582818.png,908.262890625,525.352734375,1027.2203124999999,620.314453125,0.162982955575
53586361.png,230.256640625,783.6894531249999,494.71992187499995,954.212109375,0.0755057558417
53586361.png,181.24414062499997,698.4281249999999,229.23554687499998,738.2507812499999,0.0960110425949
53586361.png,17.358593749999997,964.9335937499999,253.23125,1145.6671875,0.118099272251
53586361.png,49.012499999999996,879.6722656249999,181.7546875,981.2710937499999,0.15241985023
53586415.png,100.06718749999999,677.495703125,182.26523437499998,769.394140625,0.190856844187
53586442.png,934.8113281249999,975.1445312499999,982.8027343749999,1017.5199218749999,0.0916028097272
53586751.png,942.1995192307692,982.1514423076923,1089.522235576923,1090.770733173077,0.233397156
53586751.png,1335.0600961538462,348.7469951923077,1384.5838341346152,478.5907451923077,0.669630646706
53586805.png,956.7653245192307,951.3551682692307,1085.360576923077,1027.0973557692307,0.155783101916
53586805.png,833.1640625,992.5555889423076,975.908954326923,1107.001201923077,0.627916574478
53586869.png,585.9615384615385,1257.237079326923,640.4792668269231,1303.4314903846152,0.202944859862
53586896.png,551.0036057692307,1074.9564302884614,640.4792668269231,1157.3572716346152,0.166311264038
53586960.png,333.76502403846155,811.1072716346154,375.7977764423077,841.4873798076923,0.074248790741
53586960.png,151.0682091346154,695.8293269230769,410.75570913461536,887.6817908653845,0.562342703342
53587014.png,78.6553485576923,966.3371394230769,310.45973557692304,1135.3004807692307,0.909649252892
53587041.png,650.8834134615385,699.5748197115385,793.2121394230769,798.2061298076923,0.192866519094
53587041.png,786.553485576923,1043.3278245192307,904.7445913461538,1156.5249399038462,0.436271101236
53587104.png,442.38431490384613,801.9516225961538,495.23737980769226,854.3885216346154,0.519806742668
53587131.png,369.97145432692304,837.3257211538461,414.9173677884615,879.3584735576923,0.184537813067
53587427.png,125.08398437499999,884.2671875,407.41640624999997,1089.50703125,0.0854809135199
53587427.png,220.55624999999998,627.462109375,362.48828124999994,739.2718749999999,0.162603393197
53587427.png,408.948046875,1143.114453125,549.3484374999999,1245.223828125,0.233856633306
53587427.png,400.77929687499994,1014.4566406249999,505.44140624999994,1113.5027343749998,0.276742190123
53587454.png,873.5457031249999,368.104296875,1057.8531249999999,592.234375,0.100509159267
53587454.png,611.124609375,1129.840234375,745.3984374999999,1227.865234375,0.299176514149
53587454.png,1255.434765625,1543.383203125,1292.1941406249998,1585.2480468749998,0.332572430372
53587454.png,996.0769531249999,638.6941406249999,1121.1609374999998,747.9511718749999,0.381014049053
53587481.png,226.172265625,648.39453125,356.87226562499995,754.5882812499999,0.0891765132546
53587481.png,81.6875,758.6726562499999,200.644921875,885.7988281249999,0.0971279665828
53587481.png,384.44179687499997,832.7019531249999,430.39101562499997,872.0140624999999,0.104426681995
53587481.png,9.700390624999999,929.7058593749999,120.99960937499999,1023.1359375,0.226070001721
53587481.png,238.42539062499998,887.841015625,359.93554687499994,983.3132812499999,0.254442155361
53587481.png,4.594921875,876.608984375,384.44179687499997,1197.232421875,0.267200618982
53587508.png,662.179296875,650.43671875,775.520703125,765.8203124999999,0.0700639337301
53587508.png,1111.97109375,335.429296875,1248.7976562499998,433.45429687499995,0.0906372666359
53587508.png,915.4105468749999,776.5417968749999,1110.9499999999998,982.8027343749999,0.10741891712
53587572.png,499.39903846153845,922.6397235576923,544.3449519230769,969.6664663461538,0.0760500952601
53587572.png,206.0021033653846,1154.8602764423076,252.1965144230769,1198.973858173077,0.1005949229
53587572.png,332.93269230769226,899.7506009615385,566.4017427884615,1110.3305288461538,0.138270273805
53587572.png,551.8359375,1243.9197716346152,663.3683894230769,1331.3146033653845,0.140663996339
53587572.png,464.85727163461536,1151.1147836538462,563.0724158653846,1245.168269230769,0.25413325429
53587572.png,534.7731370192307,920.9750600961538,669.1947115384615,1047.0733173076922,0.47518068552
53587599.png,347.91466346153845,500.2313701923077,497.734375,595.1171875,0.0756489261985
53587599.png,434.0609975961538,828.5862379807692,462.3602764423077,852.7238581730769,0.0950537100434
53587599.png,305.4657451923077,659.2067307692307,480.6715745192307,868.9543269230769,0.106223456562
53587599.png,216.40625,1092.0192307692307,258.02283653846155,1133.6358173076922,0.200726091862
53587599.png,523.9528245192307,617.5901442307692,652.5480769230769,725.7932692307692,0.226361349225
53587663.png,1311.338641826923,499.39903846153845,1373.7635216346152,558.9107572115385,0.0736743882298
53587663.png,1319.6619591346152,843.5682091346154,1382.5030048076922,902.2475961538461,0.468368321657
53587690.png,528.1144831730769,861.4633413461538,644.2247596153845,958.4299879807692,0.129106476903
53587717.png,1283.039362980769,421.57602163461536,1329.6499399038462,469.8512620192307,0.0732437744737
