p28s1IMG-0001-00001 (2) 0.567 2538.0 1737.2 2683.7 1869.2
p28s1IMG-0001-00001 (2) 0.503 2979.3 1566.4 3276.6 1806.7
p28s1IMG-0001-00001 (2) 0.195 2491.9 1688.0 2742.7 1960.6
p28s1IMG-0001-00001 (2) 0.101 3021.1 617.1 3328.0 1106.4
p28s1IMG-0001-00001 (2) 0.059 2524.1 365.7 3322.9 1176.1
p29IMG-0001-00001 (2) 0.269 3106.9 504.8 3327.3 717.9
p29IMG-0001-00001 (2) 0.157 3068.7 2733.6 3162.0 2816.3
p29IMG-0001-00001 (2) 0.099 2240.4 2273.0 2479.0 2532.2
p29IMG-0001-00001 (2) 0.084 1791.0 2097.6 1958.3 2332.1
p29IMG-0001-00001 (2) 0.077 2443.7 2662.8 2702.6 2859.1
p30IMG-0001-00001 (2) 0.383 3027.2 1637.8 3206.5 1849.8
p30IMG-0001-00001 (2) 0.051 2672.4 2345.4 2828.3 2576.9
p31IMG-0001-00001 (2) 0.588 2702.7 2801.1 3027.9 3091.1
p31IMG-0001-00001 (2) 0.288 2183.4 2095.4 2795.1 2553.6
p31IMG-0001-00001 (2) 0.282 2794.3 2892.7 2954.2 3036.3
p31IMG-0001-00001 (2) 0.199 3091.5 1904.7 3234.6 2047.3
p31IMG-0001-00001 (2) 0.190 2551.0 2504.7 2871.9 2781.2
p31IMG-0001-00001 (2) 0.117 2460.2 2228.8 2711.9 2534.1
p31IMG-0001-00001 (2) 0.089 2302.8 2342.4 3143.6 3183.8
p31IMG-0001-00001 (2) 0.084 2267.6 2169.4 2458.6 2374.6
p31IMG-0001-00001 (2) 0.083 2859.2 839.7 2958.6 943.9
p31IMG-0001-00001 (2) 0.074 3017.2 1802.7 3263.2 2117.8
p31IMG-0001-00001 (2) 0.052 3116.3 1940.4 3201.4 2009.3
p32IMG-0001-00001 (2) 0.059 490.8 1565.9 1127.8 2057.5
p32IMG-0001-00001 (2) 0.057 74.7 1084.6 611.7 1545.5
p27IMG-0001-00001 (3) 0.823 662.9 218.4 840.3 385.9
p27IMG-0001-00001 (3) 0.512 1039.0 1806.5 1395.4 2048.1
p27IMG-0001-00001 (3) 0.487 813.6 1635.7 1492.7 2119.2
p27IMG-0001-00001 (3) 0.449 138.4 135.0 933.1 823.2
p27IMG-0001-00001 (3) 0.448 1147.3 1496.5 1765.3 1983.9
p27IMG-0001-00001 (3) 0.354 267.0 241.6 555.5 655.8
p27IMG-0001-00001 (3) 0.269 1723.5 2321.9 1878.5 2560.6
p27IMG-0001-00001 (3) 0.238 561.2 127.5 922.5 454.3
p27IMG-0001-00001 (3) 0.152 1086.6 1886.9 1219.1 2010.8
p27IMG-0001-00001 (3) 0.148 176.1 925.6 455.4 1187.6
p27IMG-0001-00001 (3) 0.117 825.6 1658.4 1183.4 1898.2
p27IMG-0001-00001 (3) 0.097 1173.6 1836.9 1332.2 1982.3
p27IMG-0001-00001 (3) 0.094 1359.7 1567.1 1684.3 1844.3
p27IMG-0001-00001 (3) 0.087 1143.9 2019.9 1427.6 2342.1
p27IMG-0001-00001 (3) 0.074 244.4 535.3 449.0 721.8
p27IMG-0001-00001 (3) 0.055 1147.9 1912.7 1298.2 2018.8
p28s1IMG-0001-00001 (3) 0.932 339.6 2026.1 1093.7 2739.6
p28s1IMG-0001-00001 (3) 0.612 548.8 2329.4 870.4 2684.2
p28s1IMG-0001-00001 (3) 0.451 1.3 3177.8 99.9 3396.3
p28s1IMG-0001-00001 (3) 0.121 782.3 2339.4 1040.3 2637.4
p28s1IMG-0001-00001 (3) 0.060 635.6 1991.2 992.1 2254.4
p28s1IMG-0001-00001 (3) 0.057 608.1 2440.7 819.4 2598.3
p29IMG-0001-00001 (3) 0.514 497.1 908.4 862.1 1204.5
p29IMG-0001-00001 (3) 0.392 1188.7 2012.5 1711.7 2533.7
p29IMG-0001-00001 (3) 0.320 802.0 2889.8 935.6 3008.9
p29IMG-0001-00001 (3) 0.227 333.4 801.5 1040.4 1518.3
p29IMG-0001-00001 (3) 0.119 586.8 985.9 780.1 1143.4
p29IMG-0001-00001 (3) 0.092 1496.0 2342.8 1570.9 2412.4
p29IMG-0001-00001 (3) 0.071 1425.1 2174.6 1709.6 2443.2
p30IMG-0001-00001 (3) 0.949 9.6 1495.8 612.2 2706.9
p30IMG-0001-00001 (3) 0.676 6.9 1636.6 415.8 2158.7
p30IMG-0001-00001 (3) 0.283 60.1 1947.5 517.9 2351.1
p30IMG-0001-00001 (3) 0.189 154.4 2104.1 698.5 2582.8
p30IMG-0001-00001 (3) 0.061 51.4 1696.1 245.5 1892.2
p30IMG-0001-00001 (3) 0.060 351.8 1959.2 423.5 2027.9
p30IMG-0001-00001 (3) 0.051 137.0 2114.0 397.2 2436.7
p31IMG-0001-00001 (3) 0.889 1.0 2419.8 284.0 2716.3
p31IMG-0001-00001 (3) 0.129 1.0 2302.1 539.7 2852.0
p31IMG-0001-00001 (3) 0.110 676.2 1631.2 870.5 1838.1
p31IMG-0001-00001 (3) 0.077 749.0 2188.3 1226.5 2640.3
p31IMG-0001-00001 (3) 0.068 3.4 2513.5 136.9 2695.8
p32IMG-0001-00001 (4) 0.709 2245.6 1519.3 2811.5 2112.5
p32IMG-0001-00001 (4) 0.157 2128.8 1657.2 2300.8 1884.9
p32IMG-0001-00001 (4) 0.091 2351.7 1659.7 2624.4 1965.7
p32IMG-0001-00001 (4) 0.055 1986.6 1335.4 3247.7 2288.7
p27IMG-0001-00001 (4) 0.944 344.7 1256.4 846.7 1841.5
p27IMG-0001-00001 (4) 0.714 1062.6 2496.1 1187.9 2625.5
p27IMG-0001-00001 (4) 0.264 1025.9 2452.0 1254.7 2702.8
p27IMG-0001-00001 (4) 0.237 740.2 1446.8 1015.6 1754.9
p27IMG-0001-00001 (4) 0.141 1098.6 2541.0 1165.6 2594.1
p27IMG-0001-00001 (4) 0.125 652.4 1381.1 1189.4 1941.6
p27IMG-0001-00001 (4) 0.084 969.9 1695.1 1142.5 1854.2
p27IMG-0001-00001 (4) 0.068 1300.8 2267.3 1443.7 2428.3
p28s1IMG-0001-00001 (4) 0.632 310.0 1704.4 1118.1 2485.3
p28s1IMG-0001-00001 (4) 0.226 576.8 1933.0 872.1 2263.4
p28s1IMG-0001-00001 (4) 0.126 100.2 309.1 448.1 596.6
p28s1IMG-0001-00001 (4) 0.125 1051.4 2091.3 1203.4 2287.2
p28s1IMG-0001-00001 (4) 0.120 29.6 134.9 180.2 336.1
p29IMG-0001-00001 (4) 0.143 1137.6 2803.8 1385.5 3064.6
p29IMG-0001-00001 (4) 0.139 908.2 1432.7 1179.5 1695.8
p29IMG-0001-00001 (4) 0.133 910.7 1637.1 982.9 1706.6
p29IMG-0001-00001 (4) 0.117 1362.8 2508.4 1647.0 2765.3
p29IMG-0001-00001 (4) 0.092 974.9 2836.4 1139.0 2932.2
p29IMG-0001-00001 (4) 0.091 1337.4 1976.2 1420.7 2061.8
p29IMG-0001-00001 (4) 0.080 1261.6 1380.5 1490.9 1645.1
p29IMG-0001-00001 (4) 0.077 458.7 1773.2 753.7 2048.1
p29IMG-0001-00001 (4) 0.068 495.5 1237.7 1537.5 1883.5
p30IMG-0001-00001 (4) 0.840 286.8 2083.3 816.1 2744.6
p30IMG-0001-00001 (4) 0.445 380.0 2174.2 692.1 2449.3
p30IMG-0001-00001 (4) 0.412 1.0 2013.5 70.0 2274.3
p30IMG-0001-00001 (4) 0.306 437.8 2449.5 776.6 2680.8
p30IMG-0001-00001 (4) 0.237 673.4 1781.3 838.8 2033.7
p30IMG-0001-00001 (4) 0.227 353.9 2850.9 474.4 2975.9
p30IMG-0001-00001 (4) 0.207 4.4 1950.0 326.9 2387.5
p30IMG-0001-00001 (4) 0.180 301.6 2786.2 537.1 3022.8
p30IMG-0001-00001 (4) 0.133 504.6 2540.0 621.8 2639.8
p30IMG-0001-00001 (4) 0.071 703.8 1770.0 805.9 1890.0
p30IMG-0001-00001 (4) 0.057 391.8 2893.2 450.7 2938.6
p31IMG-0001-00001 (4) 0.723 169.6 1635.6 507.7 1906.0
p31IMG-0001-00001 (4) 0.345 125.9 1563.1 790.4 2054.6
p31IMG-0001-00001 (4) 0.196 5.3 552.3 160.2 984.3
p31IMG-0001-00001 (4) 0.148 353.8 1988.2 465.4 2087.2
p31IMG-0001-00001 (4) 0.144 306.8 2083.5 1215.7 2911.8
p31IMG-0001-00001 (4) 0.139 16.7 487.9 652.4 1077.7
p31IMG-0001-00001 (4) 0.086 118.3 613.0 455.3 839.1
p31IMG-0001-00001 (4) 0.078 226.4 1698.0 390.2 1854.2
small mass 0.183 388.2 427.6 483.7 544.2
small mass 0.111 293.1 383.2 395.9 510.3
small mass 0.061 412.2 446.8 460.3 504.5
p28s1IMG-0001-00001 (1) 0.121 3035.2 1073.6 3156.8 1266.4
p28s1IMG-0001-00001 (1) 0.061 2432.9 2421.5 2654.3 2655.1
p29IMG-0001-00001 (1) 0.441 2154.2 1451.8 2494.9 1705.8
p29IMG-0001-00001 (1) 0.318 2161.8 1244.5 2654.0 1822.7
p29IMG-0001-00001 (1) 0.148 2234.5 1530.5 2379.6 1651.0
p29IMG-0001-00001 (1) 0.053 2089.3 1011.0 3207.7 1740.1
p31IMG-0001-00001 (1) 0.481 3223.6 373.4 3328.0 787.7
p31IMG-0001-00001 (1) 0.220 2496.7 2207.5 3039.0 2630.8
p31IMG-0001-00001 (1) 0.145 2540.9 2756.5 2697.6 2918.8
p31IMG-0001-00001 (1) 0.056 2641.0 2351.0 2887.8 2563.2
p32IMG-0001-00001 (1) 0.693 3082.8 832.0 3328.0 1071.0
p32IMG-0001-00001 (1) 0.523 1940.3 1692.0 2746.3 2582.2
p32IMG-0001-00001 (1) 0.412 2511.6 1811.8 2751.5 2029.2
p32IMG-0001-00001 (1) 0.385 3063.6 627.6 3303.1 872.0
p32IMG-0001-00001 (1) 0.366 2160.3 2091.0 2452.9 2363.8
p32IMG-0001-00001 (1) 0.212 3297.3 301.5 3328.0 585.2
p32IMG-0001-00001 (1) 0.182 2005.1 1802.6 2466.5 2259.7
p32IMG-0001-00001 (1) 0.162 3027.1 334.2 3291.0 554.9
p32IMG-0001-00001 (1) 0.145 2989.8 478.1 3328.0 1150.4
p32IMG-0001-00001 (1) 0.086 3141.9 700.3 3249.6 795.0
p32IMG-0001-00001 (1) 0.076 3174.6 921.3 3317.0 1034.7
p32IMG-0001-00001 (1) 0.057 2973.3 3617.8 3077.3 3704.1
