FILE003023112.png,923.7,688.9,1225.1,991.7,0.955,1,
FILE003024902.png,3.8,1032.5,119.1,1189.4,0.662,1,
FILE003123348.png,1299.3,1423.8,1380.2,1515.9,0.862,1,
FILE003129427.png,653.8,921.4,897.3,1130.0,0.832,1,
FILE003131786.png,735.7,1066.6,822.3,1190.3,0.795,1,
FILE003131786.png,686.7,744.7,802.0,860.9,0.774,1,
FILE003215044.png,260.8,446.3,624.3,843.1,0.871,1,
FILE003228747.png,134.3,668.6,282.7,781.8,0.716,1,
FILE03043928.png,765.0,426.5,1083.3,850.2,0.866,1,
FILE03043928.png,1103.0,471.9,1284.6,658.5,0.711,1,
FILE03044454.png,568.2,921.5,778.0,1102.1,0.773,1,
FILE03057885.png,1021.7,261.4,1372.7,609.4,0.702,1,
FILE03057885.png,1288.7,169.8,1376.6,324.0,0.678,1,
FILE03057885.png,1054.5,255.3,1181.9,399.6,0.670,1,
FILE03071547.png,238.8,822.4,509.9,1133.2,0.802,1,
FILE03088891.png,1046.3,851.2,1295.2,1043.7,0.804,1,
FILE03093929.png,707.9,913.1,1012.5,1172.6,0.931,1,
FILE03099535.png,264.3,655.6,409.3,751.6,0.735,1,
FILE03099535.png,205.8,840.3,356.0,948.7,0.690,1,
FILE03125516.png,1125.4,924.4,1218.6,1018.7,0.862,1,
FILE03158660.png,986.8,917.6,1300.9,1351.8,0.848,1,
FILE03158660.png,1046.2,943.1,1246.8,1127.3,0.675,1,
FILE03165046.png,73.9,425.6,195.3,563.0,0.767,1,
FILE03169193.png,515.3,800.9,658.3,949.7,0.876,1,
FILE03181095.png,987.3,667.3,1279.5,1001.9,0.777,1,
FILE03188663.png,1026.1,509.8,1380.3,887.6,0.965,1,
FILE03197414.png,1.7,1055.6,172.6,1280.2,0.937,1,
FILE03209538.png,836.3,525.1,1070.4,762.3,0.675,1,
FILE03239539.png,413.3,541.9,614.0,765.7,0.752,1,
FILE03257416.png,25.9,594.8,258.2,828.0,0.938,1,
FILE03258664.png,3.4,842.9,124.2,1194.4,0.728,1,
FILE03265050.png,248.3,427.7,356.8,520.9,0.684,1,
FILE03268665.png,90.4,26.4,165.9,98.8,0.776,1,
FILE03268665.png,7.1,869.0,76.9,1151.8,0.764,1,
FILE03269195.png,757.7,781.9,834.6,892.2,0.767,1,
FILE0368760.png,783.6,751.2,864.5,816.1,0.681,1,
FILE0385763.png,696.3,749.8,1029.4,1187.4,0.909,1,
FILE0386386.png,1119.8,404.9,1241.3,543.4,0.776,1,
FILE0387387.png,5.6,598.9,275.8,779.8,0.686,1,
FILE0388388.png,174.6,637.2,310.3,776.4,0.771,1,
FILE0390765.png,845.1,774.2,1192.2,1130.1,0.827,1,
FILE0399768.png,201.6,550.2,554.2,942.9,0.868,1,
FILE0417394.png,89.1,502.0,155.2,578.0,0.663,1,
FILE0422769.png,876.9,904.8,1114.7,1149.6,0.890,1,
FILE0423770.png,729.8,816.5,1064.2,1228.0,0.822,1,
FILE0430772.png,560.9,880.3,669.5,1018.9,0.692,1,
FILE0430772.png,612.9,1076.5,776.2,1248.6,0.661,1,
FILE0443781.png,823.6,682.7,1002.1,873.3,0.714,1,
FILE0444402.png,1068.0,490.8,1353.4,1010.6,0.867,1,
FILE0444402.png,1098.4,906.7,1332.3,1164.9,0.710,1,
FILE0470149149149149149149.png,9.0,672.9,279.4,1032.1,0.792,1,
FILE0483150150150150150150.png,1219.9,572.1,1331.0,713.0,0.787,1,
FILE0485409.png,712.7,1169.7,831.8,1291.4,0.838,1,
FILE0485409.png,634.5,1434.2,764.2,1553.6,0.688,1,
FILE0485409.png,648.3,1337.0,726.7,1424.9,0.667,1,
FILE0490794.png,898.9,891.6,1014.8,1008.2,0.754,1,
FILE0491411.png,71.9,1565.7,219.2,1652.3,0.743,1,
FILE0491411.png,196.0,1324.9,316.8,1445.3,0.736,1,
FILE0494412.png,61.5,1561.6,214.5,1655.4,0.708,1,
FILE0494412.png,199.2,1329.0,315.9,1442.7,0.688,1,
FILE0495413.png,23.2,668.8,204.5,913.2,0.807,1,
FILE0495413.png,75.7,1554.9,220.8,1651.9,0.715,1,
FILE0513170170170170170170.png,1060.0,325.9,1380.6,671.7,0.823,1,
FILE0529804.png,1.2,360.9,187.0,543.4,0.785,1,
FILE0533178178178178178178.png,1303.2,299.2,1381.0,443.6,0.711,1,
FILE0533178178178178178178.png,1041.3,644.7,1308.8,849.3,0.671,1,
FILE0546187187187187187187.png,45.9,385.7,431.6,715.3,0.720,1,
FILE0546810.png,1131.7,748.2,1376.9,975.1,0.824,1,
FILE0546810.png,1058.7,971.0,1216.3,1096.9,0.788,1,
FILE0547188188188188188188.png,291.6,405.4,515.1,614.9,0.938,1,
FILE0547811.png,955.5,841.0,1344.3,1161.6,0.905,1,
FILE0565817.png,813.2,884.9,989.8,1066.3,0.885,1,
FILE0569198198198198198198.png,2.2,213.6,99.8,313.6,0.775,1,
FILE0569198198198198198198.png,28.0,358.4,122.4,453.7,0.754,1,
FILE0578822.png,1204.7,626.5,1374.9,860.9,0.852,1,
FILE0579823.png,1111.2,397.8,1294.0,635.6,0.909,1,
FILE0582826.png,1169.9,779.9,1293.1,1011.8,0.941,1,
FILE0584828.png,1297.1,37.8,1381.0,133.4,0.903,1,
FILE0584828.png,1109.6,366.4,1324.0,634.8,0.878,1,
FILE0592439.png,909.0,560.1,989.7,655.2,0.671,1,
FILE0595200200200200200200.png,979.1,445.9,1230.6,630.6,0.697,1,
FILE0614450.png,848.5,708.8,1155.3,1079.2,0.796,1,
FILE0627453.png,1032.6,679.1,1260.2,903.0,0.740,1,
FILE0664463.png,9.0,672.9,279.4,1032.1,0.792,1,
FILE0666465.png,18.4,490.0,303.8,697.0,0.932,1,
FILE0666845.png,738.6,533.0,944.1,767.1,0.689,1,
FILE0674467.png,8.1,489.4,237.7,834.6,0.668,1,
FILE0690245245245245245245.png,106.7,844.4,229.2,948.0,0.739,1,
FILE0693472.png,882.2,735.6,1173.0,1132.3,0.936,1,
FILE0696473.png,1039.2,574.1,1323.2,969.4,0.880,1,
FILE0696473.png,1066.4,642.1,1249.7,823.7,0.782,1,
FILE0715476.png,1248.5,195.0,1381.0,372.0,0.901,1,
FILE0715476.png,882.0,935.4,1094.7,1163.6,0.862,1,
FILE0715476.png,778.1,1067.5,868.7,1150.0,0.660,1,
FILE0718477.png,961.4,640.9,1173.9,943.8,0.936,1,
FILE0720262262262262262262.png,204.5,478.3,348.1,576.4,0.713,1,
FILE0732867.png,877.5,1237.8,966.1,1310.1,0.711,1,
FILE0741870.png,809.8,671.0,1087.7,1003.2,0.968,1,
FILE0770875.png,319.7,878.2,455.5,992.5,0.806,1,
FILE0774489.png,948.4,624.3,1080.7,720.8,0.769,1,
FILE0808878.png,359.4,803.9,493.7,923.4,0.700,1,
FILE0809498.png,411.6,1148.7,485.3,1230.8,0.718,1,
FILE0810499.png,1206.7,948.0,1381.0,1133.7,0.884,1,
FILE0811500.png,1245.4,644.4,1378.4,805.7,0.954,1,
FILE0827504.png,315.3,730.5,432.4,834.8,0.800,1,
FILE0856893.png,254.1,751.2,369.3,876.9,0.741,1,
FILE0893514.png,991.3,582.8,1271.5,894.7,0.859,1,
FILE0896515.png,1094.5,318.6,1305.4,788.2,0.849,1,
FILE0918517.png,1167.0,360.2,1289.3,474.8,0.895,1,
FILE0918517.png,1024.5,958.7,1258.5,1187.9,0.696,1,
FILE0920518.png,1044.0,727.4,1235.7,970.2,0.931,1,
FILE0948522.png,432.4,1024.1,520.8,1112.0,0.684,1,
FILE0960919.png,64.8,715.6,386.0,1282.9,0.836,1,
FILE0968921.png,169.4,624.6,476.2,1197.5,0.954,1,
FILE0982924.png,132.1,667.2,446.6,1211.9,0.929,1,
FILE0984531.png,393.3,726.5,503.2,822.1,0.769,1,
FILE0985925.png,98.2,523.6,369.7,1035.3,0.787,1,
FILE0998928.png,1215.3,106.5,1381.0,301.7,0.758,1,
FILE1005931.png,773.8,908.4,990.8,1128.3,0.688,1,
FILE1021939.png,322.8,690.5,518.2,850.6,0.779,1,
FILE1027537.png,1104.5,929.7,1224.7,1047.8,0.803,1,
FILE1045947.png,309.3,745.9,433.5,857.0,0.698,1,
FILE1091556.png,886.9,807.6,987.2,949.8,0.695,1,
FILE1096558.png,443.6,876.9,538.3,1011.2,0.806,1,
FILE1096558.png,374.7,1146.5,512.3,1314.0,0.681,1,
FILE1115564.png,1145.6,186.9,1377.0,415.8,0.910,1,
FILE1117969.png,756.0,728.1,884.9,835.1,0.687,1,
FILE1125973.png,979.1,445.9,1230.6,630.6,0.697,1,
FILE1156984.png,730.6,789.9,865.5,963.5,0.831,1,
FILE1187991.png,843.3,773.4,1088.3,976.2,0.756,1,
FILE1190992.png,853.7,989.4,1017.5,1160.1,0.790,1,
FILE1205995.png,183.2,502.3,388.6,747.0,0.772,1,
FILE1211997.png,32.4,560.0,228.3,810.8,0.962,1,
FILE1236595.png,47.1,665.3,196.0,802.2,0.729,1,
FILE1249600.png,462.7,349.8,592.2,472.7,0.673,1,
FILE1331622.png,292.0,577.5,526.4,810.1,0.690,1,
FILE1340625.png,46.0,398.2,272.5,632.6,0.697,1,
FILE1374636.png,1143.1,980.8,1261.4,1124.2,0.738,1,
FILE1403645.png,22.5,685.0,355.1,1031.6,0.686,1,
FILE1406646.png,963.9,799.3,1308.0,1078.7,0.756,1,
FILE1412648.png,947.1,742.8,1263.8,1103.3,0.760,1,
FILE1494668.png,235.3,635.1,335.0,742.9,0.718,1,
RAD082051.png,95.8,850.9,285.8,1091.7,0.863,1,
RAD089639.png,1005.8,754.2,1140.2,899.2,0.895,1,
RAD089639.png,707.0,1016.2,891.1,1257.2,0.719,1,
RAD092219.png,929.1,883.3,997.3,957.2,0.682,1,
RAD099581.png,30.4,920.6,352.4,1344.9,0.835,1,
RAD104321.png,57.2,335.5,247.1,474.7,0.751,1,
