FILE003023112.png,923.7,688.9,1225.1,991.7,0.955,1,
FILE003023112.png,939.9,808.8,1101.6,953.9,0.508,1,
FILE003023112.png,1279.1,803.6,1325.0,854.6,0.408,1,
FILE003023112.png,1238.7,764.0,1346.1,894.2,0.253,1,
FILE003023516.png,175.7,622.4,422.7,849.8,0.273,1,
FILE003024902.png,3.8,1032.5,119.1,1189.4,0.662,1,
FILE003024902.png,7.4,843.0,233.1,1064.6,0.451,1,
FILE003024902.png,24.7,85.1,103.8,203.2,0.392,1,
FILE003024902.png,9.1,437.6,56.1,503.1,0.225,1,
FILE003031785.png,349.7,812.4,550.6,976.3,0.224,1,
FILE003110589.png,175.9,639.6,259.5,733.7,0.377,1,
FILE003116502.png,1141.4,542.4,1248.7,671.5,0.571,1,
FILE003116502.png,1112.9,530.0,1370.0,712.4,0.496,1,
FILE003116502.png,1053.4,738.6,1277.5,951.2,0.439,1,
FILE003116502.png,1081.3,825.7,1159.9,920.9,0.290,1,
FILE003123348.png,1299.3,1423.8,1380.2,1515.9,0.862,1,
FILE003123348.png,1069.6,456.9,1209.7,561.6,0.348,1,
FILE003123348.png,1323.3,1443.6,1372.0,1488.0,0.336,1,
FILE003129427.png,653.8,921.4,897.3,1130.0,0.832,1,
FILE003129427.png,1317.4,1335.0,1381.0,1465.3,0.508,1,
FILE003129427.png,545.7,853.0,1036.9,1245.0,0.360,1,
FILE003130139.png,982.2,1145.9,1138.3,1232.3,0.173,1,
FILE003131786.png,735.7,1066.6,822.3,1190.3,0.795,1,
FILE003131786.png,686.7,744.7,802.0,860.9,0.774,1,
FILE003131786.png,754.4,1104.7,808.9,1154.5,0.590,1,
FILE003215044.png,260.8,446.3,624.3,843.1,0.871,1,
FILE003215044.png,322.6,524.6,426.1,640.6,0.605,1,
FILE003220241.png,920.5,533.7,1021.9,658.8,0.238,1,
FILE003220579.png,14.7,27.2,98.6,119.7,0.283,1,
FILE003220579.png,481.1,629.2,547.1,696.4,0.162,1,
FILE003228070.png,984.3,1016.7,1065.7,1100.6,0.475,1,
FILE003228070.png,1012.9,1032.6,1051.9,1066.9,0.253,1,
FILE003228747.png,134.3,668.6,282.7,781.8,0.716,1,
FILE003229814.png,229.1,847.2,301.4,923.2,0.269,1,
FILE003229814.png,315.8,1126.3,437.5,1247.3,0.169,1,
FILE003230140.png,1075.4,638.2,1212.6,758.6,0.338,1,
FILE03028326.png,836.8,752.2,956.5,875.2,0.289,1,
FILE03029183.png,320.7,475.5,439.6,591.3,0.306,1,
FILE03029183.png,480.2,764.5,678.8,939.5,0.194,1,
FILE03031331.png,2.0,359.2,67.0,535.1,0.618,1,
FILE03031331.png,1.0,1308.7,36.8,1383.0,0.282,1,
FILE03031331.png,230.5,562.1,452.7,775.8,0.203,1,
FILE03031331.png,1.9,321.0,217.4,549.8,0.187,1,
FILE03034453.png,1165.9,1469.4,1247.1,1577.2,0.468,1,
FILE03034453.png,777.1,804.7,984.0,1038.2,0.372,1,
FILE03035044.png,1239.6,622.0,1351.8,753.6,0.605,1,
FILE03035044.png,898.3,679.8,1114.5,830.9,0.533,1,
FILE03035044.png,847.4,687.4,916.5,761.3,0.333,1,
FILE03035044.png,864.6,558.7,1324.8,867.2,0.184,1,
FILE03037884.png,376.9,1099.5,470.8,1189.6,0.618,1,
FILE03039184.png,885.5,546.9,1090.1,767.2,0.510,1,
FILE03039184.png,981.7,908.5,1068.0,999.5,0.444,1,
FILE03039184.png,783.2,821.4,889.9,951.7,0.226,1,
FILE03039184.png,878.7,943.7,993.8,1049.8,0.198,1,
FILE03039533.png,1272.7,557.7,1364.2,667.4,0.453,1,
FILE03039533.png,1276.7,1012.5,1362.5,1137.2,0.335,1,
FILE03043928.png,765.0,426.5,1083.3,850.2,0.866,1,
FILE03043928.png,1103.0,471.9,1284.6,658.5,0.711,1,
FILE03043928.png,825.1,799.4,874.8,842.2,0.484,1,
FILE03043928.png,800.0,769.9,898.8,865.1,0.308,1,
FILE03043928.png,883.9,731.6,1072.5,826.4,0.198,1,
FILE03043928.png,1010.1,560.3,1150.8,660.2,0.164,1,
FILE03044454.png,568.2,921.5,778.0,1102.1,0.773,1,
FILE03044454.png,111.8,1556.1,218.2,1639.2,0.515,1,
FILE03044454.png,615.9,964.6,725.2,1066.1,0.215,1,
FILE03048328.png,974.2,809.2,1038.6,889.1,0.539,1,
FILE03048328.png,798.1,517.6,848.2,572.9,0.295,1,
FILE03048328.png,949.3,758.7,1077.4,920.2,0.175,1,
FILE03049185.png,863.5,739.1,931.6,803.5,0.608,1,
FILE03049185.png,836.7,707.1,961.9,835.0,0.448,1,
FILE03049185.png,1165.3,1163.6,1266.0,1280.3,0.379,1,
FILE03049185.png,753.5,597.2,865.0,728.1,0.286,1,
FILE03049185.png,864.5,1111.3,972.0,1233.3,0.192,1,
FILE03055937.png,1014.5,544.5,1170.3,738.8,0.590,1,
FILE03057885.png,1021.7,261.4,1372.7,609.4,0.702,1,
FILE03057885.png,1288.7,169.8,1376.6,324.0,0.678,1,
FILE03057885.png,1054.5,255.3,1181.9,399.6,0.670,1,
FILE03057885.png,1336.8,411.8,1381.0,549.2,0.649,1,
FILE03057885.png,850.2,1223.4,1010.6,1418.3,0.531,1,
FILE03057885.png,778.2,1015.4,885.5,1139.1,0.477,1,
FILE03057885.png,1147.9,107.7,1381.0,338.3,0.353,1,
FILE03057885.png,1047.3,418.6,1191.6,577.2,0.306,1,
FILE03057885.png,767.8,1120.2,1105.7,1467.7,0.293,1,
FILE03057885.png,1157.7,107.8,1247.5,202.0,0.226,1,
FILE03057885.png,1182.9,430.9,1367.9,616.4,0.182,1,
FILE03058329.png,617.9,952.9,717.0,1085.4,0.369,1,
FILE03058329.png,526.5,936.6,742.7,1154.0,0.336,1,
FILE03061089.png,332.4,841.2,440.1,979.9,0.446,1,
FILE03061089.png,416.5,972.1,540.5,1102.3,0.314,1,
FILE03065514.png,1015.1,661.6,1293.0,890.6,0.474,1,
FILE03065514.png,1097.4,712.7,1249.0,836.5,0.274,1,
FILE03069187.png,867.8,507.7,1103.4,698.7,0.654,1,
FILE03069187.png,1341.2,471.6,1381.0,515.4,0.185,1,
FILE03069187.png,896.3,573.4,1015.8,679.6,0.161,1,
FILE03069534.png,890.2,960.6,967.9,1059.3,0.260,1,
FILE03071547.png,238.8,822.4,509.9,1133.2,0.802,1,
FILE03071547.png,276.1,959.5,395.0,1089.5,0.367,1,
FILE03071547.png,1.0,269.5,43.1,380.6,0.341,1,
FILE03076598.png,116.2,840.3,233.8,995.1,0.324,1,
FILE03076598.png,27.6,682.9,146.5,825.2,0.221,1,
FILE03079188.png,867.8,497.4,1106.1,723.2,0.631,1,
FILE03079188.png,1335.3,457.2,1381.0,506.8,0.444,1,
FILE03079188.png,966.4,545.0,1092.3,671.5,0.263,1,
FILE03079188.png,902.2,543.1,1002.2,672.7,0.179,1,
FILE03081548.png,840.2,864.6,1008.3,1065.1,0.310,1,
FILE03081548.png,1348.7,446.5,1381.0,514.3,0.253,1,
FILE03088891.png,1046.3,851.2,1295.2,1043.7,0.804,1,
FILE03088891.png,911.8,622.0,1273.3,1040.6,0.415,1,
FILE03088891.png,917.5,641.6,1100.8,862.3,0.319,1,
FILE03088891.png,1071.7,853.9,1164.8,986.8,0.301,1,
FILE03088891.png,996.3,774.4,1051.6,847.3,0.265,1,
FILE03088891.png,969.5,753.6,1032.6,829.0,0.203,1,
FILE03091090.png,1135.7,663.9,1178.2,703.8,0.200,1,
FILE03093929.png,707.9,913.1,1012.5,1172.6,0.931,1,
FILE03093929.png,838.2,952.5,974.4,1090.7,0.478,1,
FILE03093929.png,941.1,661.9,1137.0,885.5,0.472,1,
FILE03093929.png,740.2,980.9,861.6,1123.1,0.358,1,
FILE03093929.png,681.9,954.6,756.4,1034.6,0.259,1,
FILE03094455.png,872.3,570.8,977.0,693.5,0.585,1,
FILE03094455.png,830.0,493.3,1036.5,716.1,0.246,1,
FILE03094455.png,902.8,593.2,961.5,652.5,0.178,1,
FILE03094455.png,968.4,376.2,1088.4,466.9,0.162,1,
FILE03097886.png,756.6,945.8,1017.3,1155.9,0.616,1,
FILE03097886.png,798.9,1071.2,850.8,1115.1,0.446,1,
FILE03097886.png,759.1,950.2,844.9,1052.4,0.430,1,
FILE03097886.png,889.7,1044.8,1026.6,1161.6,0.321,1,
FILE03097886.png,786.4,1029.2,880.8,1136.4,0.315,1,
FILE03099535.png,264.3,655.6,409.3,751.6,0.735,1,
FILE03099535.png,205.8,840.3,356.0,948.7,0.690,1,
FILE03099535.png,264.6,1026.9,359.3,1102.6,0.226,1,
FILE03099535.png,316.8,888.4,370.7,950.2,0.190,1,
FILE03109189.png,807.7,761.6,887.5,850.3,0.562,1,
FILE03109189.png,726.2,619.2,822.3,754.5,0.559,1,
FILE03109189.png,1040.3,1258.4,1104.4,1328.1,0.347,1,
FILE03109189.png,762.7,899.9,886.6,1027.8,0.228,1,
FILE03109189.png,729.2,884.4,983.8,1102.1,0.214,1,
FILE03109189.png,775.3,717.2,925.6,882.0,0.191,1,
FILE03118153.png,699.8,1018.0,821.8,1144.5,0.408,1,
FILE03118153.png,811.5,1235.3,887.9,1307.3,0.303,1,
FILE03118892.png,1018.3,874.5,1201.8,1122.0,0.520,1,
FILE03118892.png,1233.6,171.8,1381.0,326.0,0.442,1,
FILE03118892.png,1273.5,740.2,1334.6,807.3,0.389,1,
FILE03118892.png,1051.7,984.5,1149.9,1097.2,0.248,1,
FILE03124456.png,497.4,449.1,614.6,576.8,0.288,1,
FILE03125516.png,1125.4,924.4,1218.6,1018.7,0.862,1,
FILE03125516.png,1146.9,945.7,1192.9,991.5,0.520,1,
FILE03125516.png,1232.4,835.6,1344.6,972.4,0.376,1,
FILE03125516.png,1343.7,1304.6,1381.0,1374.9,0.177,1,
FILE03131549.png,350.1,685.5,568.8,909.2,0.537,1,
FILE03131549.png,407.9,751.5,522.3,870.9,0.196,1,
FILE03131549.png,7.0,245.4,100.6,368.6,0.163,1,
FILE03137170.png,1305.4,508.2,1381.0,585.0,0.498,1,
FILE03138331.png,85.3,981.9,210.5,1075.7,0.583,1,
FILE03138331.png,1.0,1479.8,33.4,1584.1,0.514,1,
FILE03138331.png,1.0,1508.6,28.2,1536.6,0.177,1,
FILE03138331.png,112.7,1001.0,173.0,1054.7,0.175,1,
FILE03139190.png,506.2,785.6,634.6,905.5,0.255,1,
FILE03148893.png,1004.7,477.6,1119.6,596.1,0.411,1,
FILE03149191.png,495.3,828.8,647.1,996.0,0.447,1,
FILE03149536.png,28.4,755.9,407.3,1044.8,0.217,1,
FILE03153316.png,7.5,877.4,314.2,1299.4,0.323,1,
FILE03153316.png,6.4,1103.5,202.4,1307.3,0.200,1,
FILE03156898.png,444.6,753.3,494.3,810.5,0.646,1,
FILE03156898.png,341.2,604.2,514.7,818.5,0.598,1,
FILE03157171.png,1283.6,660.9,1344.7,716.2,0.581,1,
FILE03157171.png,1245.6,620.7,1368.0,736.8,0.302,1,
FILE03157888.png,1064.7,427.3,1160.5,511.9,0.610,1,
FILE03157888.png,1043.9,336.2,1320.4,553.9,0.567,1,
FILE03157888.png,1202.1,481.8,1311.8,568.7,0.540,1,
FILE03157888.png,1225.6,508.5,1277.9,552.7,0.384,1,
FILE03157888.png,1060.4,334.2,1125.1,408.6,0.356,1,
FILE03158333.png,84.2,819.4,280.2,1050.3,0.297,1,
FILE03158660.png,986.8,917.6,1300.9,1351.8,0.848,1,
FILE03158660.png,1046.2,943.1,1246.8,1127.3,0.675,1,
FILE03158660.png,1131.6,982.8,1219.2,1075.3,0.191,1,
FILE03159192.png,862.6,593.1,1200.5,949.2,0.314,1,
FILE03159192.png,992.4,1004.6,1080.5,1079.3,0.235,1,
FILE03161093.png,1.6,1233.8,28.2,1381.4,0.372,1,
FILE03161093.png,2.3,1183.5,83.0,1392.3,0.353,1,
FILE03161093.png,46.8,169.9,100.2,235.7,0.225,1,
FILE03161093.png,224.3,675.3,539.5,1074.1,0.195,1,
FILE03163317.png,1.0,193.9,34.3,321.2,0.256,1,
FILE03163317.png,11.5,732.9,369.7,1088.5,0.256,1,
FILE03165046.png,73.9,425.6,195.3,563.0,0.767,1,
FILE03167413.png,966.9,835.2,1178.4,1078.0,0.242,1,
FILE03167413.png,1279.9,77.4,1381.0,200.5,0.212,1,
FILE03168661.png,335.3,626.2,482.2,800.5,0.613,1,
FILE03168661.png,314.4,758.2,521.9,963.6,0.377,1,
FILE03168661.png,142.6,979.9,196.1,1026.6,0.262,1,
FILE03169193.png,515.3,800.9,658.3,949.7,0.876,1,
FILE03171094.png,1051.2,899.5,1263.5,1110.8,0.568,1,
FILE03171094.png,1268.9,393.3,1323.6,456.6,0.252,1,
FILE03173318.png,1189.5,482.2,1381.0,667.6,0.286,1,
FILE03173318.png,1296.5,728.9,1379.1,862.5,0.207,1,
FILE03178662.png,19.3,232.1,104.7,352.9,0.179,1,
FILE03179537.png,1109.4,525.6,1323.9,721.7,0.469,1,
FILE03179537.png,1253.1,298.7,1327.4,353.5,0.289,1,
FILE03179537.png,838.7,959.3,886.8,1012.2,0.202,1,
FILE03179537.png,1139.4,574.6,1237.2,697.5,0.198,1,
FILE03181095.png,987.3,667.3,1279.5,1001.9,0.777,1,
FILE03181095.png,1336.7,1406.1,1381.0,1509.0,0.387,1,
FILE03181095.png,1071.6,347.6,1381.0,611.8,0.200,1,
FILE03181095.png,1291.2,445.1,1362.8,521.8,0.178,1,
FILE03184458.png,1248.5,227.1,1315.5,276.8,0.170,1,
FILE03187889.png,8.9,98.4,364.2,476.1,0.236,1,
FILE03187889.png,446.5,953.0,542.4,1076.1,0.229,1,
FILE03187889.png,110.1,371.2,190.5,449.2,0.163,1,
FILE03188663.png,1026.1,509.8,1380.3,887.6,0.965,1,
FILE03188663.png,1270.0,119.8,1372.0,282.9,0.490,1,
FILE03188663.png,1054.6,589.7,1243.1,778.5,0.356,1,
FILE03188663.png,1182.1,587.9,1374.8,776.9,0.162,1,
FILE03191096.png,283.1,1265.9,340.1,1317.1,0.220,1,
FILE03194459.png,1.1,128.2,46.6,233.1,0.194,1,
FILE03197414.png,1.7,1055.6,172.6,1280.2,0.937,1,
FILE03197414.png,26.5,1078.3,107.1,1160.2,0.524,1,
FILE03197414.png,1.0,962.8,396.3,1289.8,0.258,1,
FILE03197414.png,17.7,1186.7,107.6,1266.8,0.170,1,
FILE03198155.png,1061.0,85.7,1381.0,468.0,0.195,1,
FILE03198335.png,1008.4,723.8,1116.4,819.7,0.531,1,
FILE03198335.png,969.6,677.7,1168.6,854.8,0.172,1,
FILE03199194.png,832.5,553.2,1017.8,719.7,0.480,1,
FILE03203319.png,1188.8,887.1,1321.3,1013.8,0.234,1,
FILE03203319.png,1262.3,251.8,1359.1,386.1,0.197,1,
FILE03205048.png,295.2,500.1,414.5,596.0,0.371,1,
FILE03205048.png,233.8,460.2,482.2,635.8,0.339,1,
FILE03206899.png,875.6,1288.9,930.4,1337.6,0.500,1,
FILE03206899.png,890.9,689.7,991.1,786.2,0.440,1,
FILE03206899.png,973.5,496.4,1033.8,555.8,0.269,1,
FILE03209538.png,836.3,525.1,1070.4,762.3,0.675,1,
FILE03209538.png,1281.0,67.6,1368.5,141.4,0.317,1,
FILE03216900.png,421.3,930.8,604.6,1116.9,0.374,1,
FILE03226600.png,1.0,71.8,40.2,210.9,0.313,1,
FILE03236601.png,1157.7,598.6,1246.8,735.5,0.632,1,
FILE03236601.png,1340.4,121.3,1381.0,246.1,0.340,1,
FILE03236601.png,983.6,762.7,1065.3,847.8,0.284,1,
FILE03238896.png,295.2,482.8,406.5,586.1,0.616,1,
FILE03239539.png,413.3,541.9,614.0,765.7,0.752,1,
FILE03239539.png,2.1,137.7,90.6,231.6,0.286,1,
FILE03245518.png,543.5,937.1,652.8,1035.0,0.382,1,
FILE03245518.png,472.2,858.9,693.9,1081.5,0.264,1,
FILE03246602.png,1057.6,249.1,1106.9,297.5,0.195,1,
FILE03257416.png,25.9,594.8,258.2,828.0,0.938,1,
FILE03257416.png,70.2,631.6,189.1,745.6,0.389,1,
FILE03258338.png,2.0,775.1,87.0,973.8,0.185,1,
FILE03258664.png,3.4,842.9,124.2,1194.4,0.728,1,
FILE03263323.png,1338.0,554.9,1381.0,687.0,0.261,1,
FILE03265050.png,248.3,427.7,356.8,520.9,0.684,1,
FILE03265050.png,71.5,341.2,210.6,484.0,0.456,1,
FILE03265050.png,530.7,805.3,629.8,904.1,0.267,1,
FILE03265050.png,2.4,1388.2,47.8,1516.2,0.246,1,
FILE03265050.png,113.1,367.1,191.6,437.8,0.217,1,
FILE03265520.png,454.9,1041.5,650.2,1217.5,0.296,1,
FILE03265520.png,1.0,128.4,28.7,210.0,0.289,1,
FILE03265520.png,525.4,1092.0,617.1,1167.3,0.266,1,
FILE03266901.png,1340.1,256.2,1380.8,376.5,0.347,1,
FILE03266901.png,889.4,1061.8,934.5,1107.6,0.305,1,
FILE03268339.png,1186.2,632.7,1379.6,858.6,0.523,1,
FILE03268665.png,90.4,26.4,165.9,98.8,0.776,1,
FILE03268665.png,7.1,869.0,76.9,1151.8,0.764,1,
FILE03268665.png,10.7,934.9,382.8,1275.4,0.600,1,
FILE03269195.png,757.7,781.9,834.6,892.2,0.767,1,
FILE03269195.png,702.0,743.9,873.9,954.3,0.167,1,
FILE03275945.png,156.4,622.2,311.9,809.2,0.306,1,
FILE03275945.png,1.0,178.1,43.0,266.6,0.195,1,
FILE03278340.png,154.9,520.1,317.8,697.7,0.219,1,
FILE03279196.png,541.3,1198.0,625.3,1312.8,0.171,1,
FILE03288341.png,1063.1,510.3,1276.1,690.1,0.272,1,
FILE03288667.png,1259.1,559.4,1381.0,667.0,0.182,1,
FILE03289197.png,503.0,566.2,569.1,630.6,0.169,1,
FILE03295521.png,952.4,645.1,1042.0,737.9,0.650,1,
FILE03295521.png,973.3,670.9,1026.9,711.3,0.306,1,
FILE03298159.png,1104.5,1038.6,1189.7,1148.8,0.332,1,
FILE03298159.png,1329.0,388.3,1381.0,433.9,0.219,1,
FILE03298342.png,1211.0,157.2,1284.7,236.8,0.293,1,
FILE03298342.png,1344.3,1457.5,1381.0,1587.4,0.214,1,
FILE03298668.png,1014.1,639.9,1124.4,730.3,0.489,1,
FILE03298668.png,1084.2,467.3,1200.4,588.8,0.233,1,
FILE03298668.png,1041.5,665.0,1096.2,716.1,0.173,1,
FILE03298898.png,1172.1,470.0,1328.1,569.6,0.294,1,
FILE03303325.png,397.8,498.8,501.4,609.5,0.495,1,
FILE03305522.png,478.8,935.5,636.1,1081.0,0.235,1,
FILE03305946.png,1339.0,78.1,1381.0,212.7,0.307,1,
FILE0354374.png,112.9,599.2,233.4,685.6,0.163,1,
FILE0365375.png,1154.1,848.3,1248.8,947.8,0.194,1,
FILE0368376.png,1.0,152.4,56.9,242.5,0.257,1,
FILE0368760.png,783.6,751.2,864.5,816.1,0.681,1,
FILE0368760.png,915.5,677.9,1119.6,860.6,0.497,1,
FILE0371377.png,206.8,719.6,325.7,814.7,0.589,1,
FILE0371377.png,11.1,612.2,344.4,959.6,0.191,1,
FILE0371761.png,935.4,854.0,1144.8,1045.2,0.246,1,
FILE0374378.png,1085.5,856.4,1140.5,912.4,0.255,1,
FILE0374762.png,1096.7,790.2,1219.4,907.5,0.243,1,
FILE0377379.png,1191.7,435.5,1379.1,663.8,0.180,1,
FILE0377379.png,1091.4,536.3,1358.8,735.5,0.174,1,
FILE0381381.png,132.2,846.6,327.9,1046.2,0.203,1,
FILE0382382.png,31.5,883.5,152.8,996.8,0.436,1,
FILE0384384.png,1167.1,583.1,1241.9,661.2,0.227,1,
FILE0384384.png,1139.0,526.2,1290.9,708.0,0.200,1,
FILE0385385.png,834.9,480.7,1140.8,929.5,0.400,1,
FILE0385763.png,696.3,749.8,1029.4,1187.4,0.909,1,
FILE0385763.png,698.0,825.6,813.2,931.7,0.538,1,
FILE0385763.png,721.5,934.1,838.9,1081.8,0.182,1,
FILE0386386.png,1119.8,404.9,1241.3,543.4,0.776,1,
FILE0386386.png,871.9,543.6,1246.8,894.3,0.352,1,
FILE0387387.png,5.6,598.9,275.8,779.8,0.686,1,
FILE0387387.png,4.3,630.8,137.2,736.3,0.435,1,
FILE0387764.png,562.6,837.0,663.1,970.1,0.288,1,
FILE0387764.png,319.8,372.2,378.8,436.5,0.287,1,
FILE0387764.png,374.9,948.5,596.1,1137.6,0.190,1,
FILE0387764.png,591.0,861.3,647.0,921.7,0.185,1,
FILE0388388.png,174.6,637.2,310.3,776.4,0.771,1,
FILE0388388.png,14.9,479.2,306.6,812.9,0.429,1,
FILE0388388.png,124.5,490.1,232.2,634.6,0.264,1,
FILE0390765.png,845.1,774.2,1192.2,1130.1,0.827,1,
FILE0390765.png,751.6,962.3,805.4,1024.8,0.574,1,
FILE0390765.png,972.9,954.8,1126.9,1078.5,0.554,1,
FILE0390765.png,1167.6,783.3,1307.3,868.7,0.362,1,
FILE0390765.png,721.6,904.7,824.2,1059.1,0.178,1,
FILE0390765.png,880.6,989.1,962.4,1084.2,0.168,1,
FILE0392766.png,81.8,1030.0,309.4,1224.2,0.341,1,
FILE0396767.png,737.6,772.0,802.6,849.5,0.411,1,
FILE0396767.png,1008.0,1267.6,1057.3,1320.0,0.215,1,
FILE0396767.png,1281.0,566.4,1334.6,615.2,0.197,1,
FILE0396767.png,937.9,472.7,1073.1,567.0,0.171,1,
FILE0396767.png,838.1,590.1,963.3,710.8,0.171,1,
FILE0399768.png,201.6,550.2,554.2,942.9,0.868,1,
FILE0399768.png,302.3,945.4,377.8,1026.1,0.570,1,
FILE0399768.png,267.8,629.8,416.8,753.5,0.562,1,
FILE0399768.png,576.0,668.0,632.4,735.2,0.462,1,
FILE0399768.png,394.2,676.9,530.3,855.9,0.240,1,
FILE0399768.png,240.6,737.0,386.0,863.8,0.169,1,
FILE0401391.png,1250.9,94.1,1379.2,218.9,0.270,1,
FILE0401391.png,1346.0,96.9,1381.0,192.8,0.178,1,
FILE0402392.png,16.9,1315.4,297.8,1497.9,0.426,1,
FILE0415393.png,1313.4,238.4,1381.0,312.1,0.285,1,
FILE0417394.png,89.1,502.0,155.2,578.0,0.663,1,
FILE0418395.png,4.7,631.5,146.2,743.5,0.412,1,
FILE0418395.png,1.0,1322.3,26.4,1448.5,0.316,1,
FILE0422769.png,876.9,904.8,1114.7,1149.6,0.890,1,
FILE0422769.png,735.6,806.2,1063.2,1269.0,0.299,1,
FILE0422769.png,762.4,1091.5,839.6,1189.8,0.274,1,
FILE0423770.png,729.8,816.5,1064.2,1228.0,0.822,1,
FILE0423770.png,1196.0,1.6,1381.0,157.5,0.650,1,
FILE0423770.png,667.6,960.4,894.5,1207.8,0.185,1,
FILE0423770.png,851.7,584.8,904.5,635.5,0.169,1,
FILE0427771.png,527.5,822.8,646.7,939.2,0.378,1,
FILE0427771.png,25.5,816.4,115.1,912.5,0.324,1,
FILE0427771.png,508.8,777.4,715.7,1016.0,0.222,1,
FILE0427771.png,4.9,675.6,234.3,983.1,0.217,1,
FILE0430772.png,560.9,880.3,669.5,1018.9,0.692,1,
FILE0430772.png,612.9,1076.5,776.2,1248.6,0.661,1,
FILE0430772.png,594.4,637.3,651.1,712.0,0.180,1,
FILE0430772.png,570.0,720.7,673.5,853.9,0.169,1,
FILE0432398.png,9.6,875.8,123.1,999.3,0.210,1,
FILE0433773.png,801.8,511.2,1007.5,701.0,0.615,1,
FILE0433773.png,621.3,779.8,717.5,904.8,0.396,1,
FILE0433773.png,695.3,554.2,804.3,678.9,0.265,1,
FILE0433773.png,653.1,1096.0,733.3,1206.7,0.186,1,
FILE0436774.png,32.2,450.6,86.3,536.5,0.462,1,
FILE0436774.png,558.6,1069.1,609.7,1121.0,0.412,1,
FILE0436774.png,151.8,362.5,371.3,620.6,0.193,1,
FILE0436774.png,516.4,859.4,554.1,898.5,0.181,1,
FILE0437775.png,944.6,117.8,990.9,167.1,0.476,1,
FILE0437775.png,576.0,656.0,775.6,884.4,0.308,1,
FILE0437775.png,534.1,857.9,714.8,1052.3,0.164,1,
FILE0438776.png,245.7,408.9,455.0,608.2,0.260,1,
FILE0438776.png,9.3,393.2,89.1,492.5,0.165,1,
FILE0439777.png,122.8,509.7,227.5,634.5,0.652,1,
FILE0439777.png,462.7,1189.9,577.7,1286.4,0.386,1,
FILE0439777.png,67.1,455.3,255.6,690.8,0.362,1,
FILE0439777.png,607.7,725.0,714.2,856.9,0.212,1,
FILE0439777.png,31.0,27.1,120.9,137.9,0.206,1,
FILE0440778.png,837.1,516.2,1051.4,711.5,0.496,1,
FILE0441779.png,130.0,280.7,449.2,708.3,0.580,1,
FILE0441779.png,4.5,196.6,269.9,552.8,0.369,1,
FILE0441779.png,6.3,213.8,145.4,339.2,0.280,1,
FILE0443781.png,823.6,682.7,1002.1,873.3,0.714,1,
FILE0443781.png,851.4,451.3,1102.5,653.2,0.526,1,
FILE0443781.png,855.3,727.1,947.1,827.3,0.184,1,
FILE0444402.png,1068.0,490.8,1353.4,1010.6,0.867,1,
FILE0444402.png,1098.4,906.7,1332.3,1164.9,0.710,1,
FILE0444402.png,1146.7,1002.9,1276.7,1138.4,0.288,1,
FILE0444402.png,1090.0,585.3,1266.4,765.0,0.223,1,
FILE0447403.png,1201.5,985.9,1381.0,1232.9,0.655,1,
FILE0447403.png,1336.9,545.5,1381.0,738.1,0.174,1,
FILE0447783.png,10.4,494.0,140.8,600.6,0.521,1,
FILE0450784.png,72.1,887.8,208.7,996.6,0.449,1,
FILE0450784.png,209.1,607.9,272.5,705.6,0.324,1,
FILE0455786.png,1072.9,1031.5,1128.0,1094.7,0.177,1,
FILE0459787.png,563.1,411.9,753.5,629.9,0.290,1,
FILE0459787.png,760.3,496.9,860.3,614.8,0.288,1,
FILE0459787.png,516.3,1208.6,568.6,1257.4,0.286,1,
FILE0459787.png,444.1,927.6,547.4,1043.3,0.200,1,
FILE0462788.png,706.7,1245.9,762.7,1300.0,0.276,1,
FILE0462788.png,835.1,1244.5,934.2,1347.5,0.172,1,
FILE0463789.png,473.1,1004.0,709.0,1269.4,0.421,1,
FILE0463789.png,526.2,1089.9,660.2,1224.4,0.315,1,
FILE0463789.png,773.0,1180.6,870.9,1293.4,0.304,1,
FILE0463789.png,709.9,993.2,822.1,1097.4,0.171,1,
FILE0463789.png,268.2,1383.7,364.1,1458.4,0.171,1,
FILE0466790.png,709.8,382.6,1001.5,554.3,0.427,1,
FILE0469791.png,513.2,929.5,623.2,1050.7,0.339,1,
FILE0469791.png,432.1,1070.4,578.8,1243.2,0.195,1,
FILE0470149149149149149149.png,9.0,672.9,279.4,1032.1,0.792,1,
FILE0483150150150150150150.png,1219.9,572.1,1331.0,713.0,0.787,1,
FILE0483150150150150150150.png,1250.4,605.9,1318.3,673.3,0.621,1,
FILE0484151151151151151151.png,165.8,827.8,289.6,923.0,0.259,1,
FILE0484151151151151151151.png,112.7,739.7,330.6,967.1,0.243,1,
FILE0484151151151151151151.png,67.0,640.6,190.4,761.2,0.183,1,
FILE0485409.png,712.7,1169.7,831.8,1291.4,0.838,1,
FILE0485409.png,634.5,1434.2,764.2,1553.6,0.688,1,
FILE0485409.png,648.3,1337.0,726.7,1424.9,0.667,1,
FILE0485409.png,201.9,747.7,410.2,981.7,0.421,1,
FILE0485409.png,297.2,873.8,450.8,971.1,0.328,1,
FILE0487793.png,629.5,700.2,748.4,819.4,0.184,1,
FILE0488410.png,789.1,883.3,897.5,992.3,0.575,1,
FILE0488410.png,181.3,271.1,393.9,458.2,0.544,1,
FILE0488410.png,216.9,408.1,253.5,441.9,0.226,1,
FILE0490794.png,898.9,891.6,1014.8,1008.2,0.754,1,
FILE0490794.png,955.0,535.1,1222.5,731.8,0.493,1,
FILE0490794.png,567.9,1028.7,669.1,1111.9,0.160,1,
FILE0491154154154154154154.png,182.5,653.2,305.6,747.7,0.243,1,
FILE0491411.png,71.9,1565.7,219.2,1652.3,0.743,1,
FILE0491411.png,196.0,1324.9,316.8,1445.3,0.736,1,
FILE0491411.png,238.4,1446.6,348.4,1533.0,0.297,1,
FILE0491411.png,7.2,1464.5,223.3,1676.6,0.224,1,
FILE0491411.png,6.7,1286.6,186.3,1475.8,0.192,1,
FILE0491411.png,148.2,839.0,209.5,895.3,0.176,1,
FILE0494412.png,61.5,1561.6,214.5,1655.4,0.708,1,
FILE0494412.png,199.2,1329.0,315.9,1442.7,0.688,1,
FILE0494412.png,6.9,1468.8,241.1,1676.3,0.240,1,
FILE0495413.png,23.2,668.8,204.5,913.2,0.807,1,
FILE0495413.png,75.7,1554.9,220.8,1651.9,0.715,1,
FILE0495413.png,195.4,1328.9,303.9,1436.3,0.389,1,
FILE0495413.png,554.6,1039.5,653.8,1155.8,0.234,1,
FILE0495413.png,47.6,1454.1,281.1,1675.8,0.205,1,
FILE0500161161161161161161.png,1141.4,542.4,1248.7,671.5,0.571,1,
FILE0500161161161161161161.png,1112.9,530.0,1370.0,712.4,0.496,1,
FILE0500161161161161161161.png,1053.4,738.6,1277.5,951.2,0.439,1,
FILE0500161161161161161161.png,1081.3,825.7,1159.9,920.9,0.290,1,
FILE0501162162162162162162.png,149.8,756.9,372.5,964.9,0.313,1,
FILE0502163163163163163163.png,972.6,714.3,1095.6,835.0,0.380,1,
FILE0502163163163163163163.png,921.0,678.3,1210.0,1009.0,0.229,1,
FILE0504797.png,1291.9,449.8,1339.6,496.0,0.203,1,
FILE0505164164164164164164.png,261.4,673.4,478.7,898.5,0.226,1,
FILE0505798.png,983.4,946.0,1055.0,1036.8,0.389,1,
FILE0505798.png,1317.6,244.9,1360.3,282.6,0.212,1,
FILE0506799.png,894.8,566.6,1112.5,789.2,0.189,1,
FILE0508165165165165165165.png,157.6,892.8,261.3,1006.3,0.212,1,
FILE0508165165165165165165.png,131.6,815.8,372.7,1037.8,0.176,1,
FILE0509800.png,11.8,350.6,355.9,715.0,0.423,1,
FILE0509800.png,252.8,539.7,324.0,601.9,0.357,1,
FILE0509800.png,1.0,187.5,31.7,269.3,0.166,1,
FILE0509800.png,127.7,485.9,367.9,651.4,0.163,1,
FILE0511168168168168168168.png,1044.0,734.5,1281.2,951.2,0.543,1,
FILE0512169169169169169169.png,1121.7,384.2,1361.0,601.2,0.400,1,
FILE0513170170170170170170.png,1060.0,325.9,1380.6,671.7,0.823,1,
FILE0513170170170170170170.png,1335.0,158.6,1375.0,218.8,0.446,1,
FILE0513170170170170170170.png,1124.5,430.7,1276.9,560.1,0.364,1,
FILE0513170170170170170170.png,971.8,918.5,1144.0,1140.3,0.351,1,
FILE0513170170170170170170.png,1034.2,440.1,1094.6,507.0,0.343,1,
FILE0513170170170170170170.png,1258.2,399.1,1378.5,570.2,0.263,1,
FILE0513170170170170170170.png,986.0,1014.9,1091.0,1121.0,0.208,1,
FILE0515172172172172172172.png,1239.7,599.1,1332.0,735.1,0.322,1,
FILE0515802.png,947.1,536.1,1323.3,895.3,0.176,1,
FILE0518803.png,1314.7,148.9,1368.1,204.9,0.198,1,
FILE0520175175175175175175.png,1239.7,599.1,1332.0,735.1,0.322,1,
FILE0523414.png,1123.1,780.9,1195.6,861.8,0.324,1,
FILE0527416.png,1066.0,569.7,1318.3,800.6,0.160,1,
FILE0529804.png,1.2,360.9,187.0,543.4,0.785,1,
FILE0532805.png,69.7,617.0,196.8,745.9,0.266,1,
FILE0533178178178178178178.png,1303.2,299.2,1381.0,443.6,0.711,1,
FILE0533178178178178178178.png,1041.3,644.7,1308.8,849.3,0.671,1,
FILE0533178178178178178178.png,1338.1,354.2,1381.0,412.8,0.165,1,
FILE0533418.png,134.1,562.5,357.6,795.7,0.492,1,
FILE0534179179179179179179.png,1020.6,786.7,1179.4,983.5,0.230,1,
FILE0535806.png,1339.5,514.5,1381.0,593.6,0.199,1,
FILE0535806.png,1240.7,418.7,1380.2,615.6,0.183,1,
FILE0536181181181181181181.png,1.2,93.5,46.8,228.2,0.169,1,
FILE0536419.png,849.7,806.6,960.6,918.9,0.366,1,
FILE0537182182182182182182.png,1211.0,437.4,1326.2,579.8,0.421,1,
FILE0539184184184184184184.png,1.0,178.1,39.3,269.5,0.245,1,
FILE0540185185185185185185.png,1298.4,35.6,1380.1,194.3,0.195,1,
FILE0543422.png,492.5,849.8,589.8,974.8,0.366,1,
FILE0545809.png,1.9,1411.7,51.4,1499.2,0.274,1,
FILE0546187187187187187187.png,45.9,385.7,431.6,715.3,0.720,1,
FILE0546187187187187187187.png,164.6,471.6,387.7,636.7,0.506,1,
FILE0546810.png,1131.7,748.2,1376.9,975.1,0.824,1,
FILE0546810.png,1058.7,971.0,1216.3,1096.9,0.788,1,
FILE0546810.png,989.8,889.4,1079.2,987.9,0.212,1,
FILE0546810.png,996.1,779.0,1333.4,1140.5,0.179,1,
FILE0546810.png,1270.6,823.5,1377.5,955.8,0.172,1,
FILE0547188188188188188188.png,291.6,405.4,515.1,614.9,0.938,1,
FILE0547188188188188188188.png,280.0,577.9,418.4,726.8,0.429,1,
FILE0547811.png,955.5,841.0,1344.3,1161.6,0.905,1,
FILE0547811.png,990.8,984.3,1187.9,1153.4,0.519,1,
FILE0547811.png,1212.5,990.0,1261.6,1040.9,0.299,1,
FILE0547811.png,1142.1,935.2,1303.3,1108.2,0.259,1,
FILE0548189189189189189189.png,987.4,415.9,1201.7,584.2,0.380,1,
FILE0548423.png,252.8,507.0,409.5,606.3,0.210,1,
FILE0549190190190190190190.png,1096.2,960.2,1167.8,1028.3,0.389,1,
FILE0551192192192192192192.png,815.1,712.9,1037.4,929.1,0.278,1,
FILE0551424.png,492.5,849.8,589.8,974.8,0.366,1,
FILE0553813.png,1323.4,245.9,1360.1,290.4,0.213,1,
FILE0554425.png,252.8,507.0,409.5,606.3,0.210,1,
FILE0555426.png,341.5,622.3,490.3,714.2,0.227,1,
FILE0555426.png,1.0,238.7,57.7,316.5,0.164,1,
FILE0557428.png,503.1,1009.0,605.5,1141.9,0.330,1,
FILE0562429.png,778.3,778.6,914.4,875.3,0.257,1,
FILE0562429.png,97.3,107.9,186.8,207.1,0.232,1,
FILE0562816.png,477.8,1126.1,572.2,1215.3,0.635,1,
FILE0562816.png,499.6,1141.7,548.6,1190.5,0.403,1,
FILE0562816.png,5.0,139.9,138.1,237.2,0.183,1,
FILE0565817.png,813.2,884.9,989.8,1066.3,0.885,1,
FILE0565817.png,726.4,1212.0,802.9,1303.8,0.234,1,
FILE0565817.png,852.6,907.2,940.9,1014.1,0.188,1,
FILE0568818.png,816.2,937.0,881.3,1012.3,0.377,1,
FILE0568818.png,960.6,893.5,1014.7,945.6,0.193,1,
FILE0569198198198198198198.png,2.2,213.6,99.8,313.6,0.775,1,
FILE0569198198198198198198.png,28.0,358.4,122.4,453.7,0.754,1,
FILE0569198198198198198198.png,47.4,381.5,94.4,431.9,0.371,1,
FILE0571432.png,623.5,1073.7,674.9,1135.4,0.425,1,
FILE0577434.png,1364.0,292.3,1381.0,330.0,0.172,1,
FILE0578822.png,1204.7,626.5,1374.9,860.9,0.852,1,
FILE0578822.png,1232.2,667.7,1328.5,781.5,0.625,1,
FILE0578822.png,1355.1,639.8,1381.0,748.0,0.522,1,
FILE0578822.png,1296.3,625.9,1379.6,749.2,0.393,1,
FILE0579823.png,1111.2,397.8,1294.0,635.6,0.909,1,
FILE0582826.png,1169.9,779.9,1293.1,1011.8,0.941,1,
FILE0583827.png,1280.9,588.1,1380.3,1008.6,0.446,1,
FILE0583827.png,1238.3,742.6,1300.8,810.9,0.343,1,
FILE0583827.png,1249.0,766.3,1352.2,933.2,0.294,1,
FILE0583827.png,1332.7,603.5,1381.0,748.4,0.277,1,
FILE0584828.png,1297.1,37.8,1381.0,133.4,0.903,1,
FILE0584828.png,1109.6,366.4,1324.0,634.8,0.878,1,
FILE0585829.png,1294.9,90.4,1380.3,205.3,0.191,1,
FILE0589438.png,1350.9,182.0,1381.0,263.1,0.190,1,
FILE0589831.png,30.5,1528.1,97.4,1588.7,0.251,1,
FILE0592439.png,909.0,560.1,989.7,655.2,0.671,1,
FILE0595200200200200200200.png,979.1,445.9,1230.6,630.6,0.697,1,
FILE0595200200200200200200.png,982.1,544.1,1050.9,601.3,0.391,1,
FILE0595200200200200200200.png,921.9,638.6,1002.2,707.2,0.349,1,
FILE0595200200200200200200.png,1038.1,438.1,1159.6,528.0,0.176,1,
FILE0595200200200200200200.png,1052.3,508.7,1191.0,602.2,0.168,1,
FILE0595200200200200200200.png,962.6,690.9,1096.9,802.0,0.164,1,
FILE0595440.png,361.3,812.4,468.1,946.4,0.493,1,
FILE0597202202202202202202.png,834.4,672.6,998.0,793.3,0.597,1,
FILE0597202202202202202202.png,1215.7,306.1,1270.7,371.0,0.423,1,
FILE0597202202202202202202.png,729.3,635.1,1026.4,920.9,0.318,1,
FILE0601443.png,536.4,1129.6,583.1,1178.4,0.264,1,
FILE0601443.png,524.4,1093.0,615.3,1193.1,0.172,1,
FILE0601443.png,667.6,829.2,752.6,926.0,0.164,1,
FILE0604835.png,901.1,905.1,1033.8,1022.8,0.601,1,
FILE0604835.png,804.1,767.9,1173.4,1111.4,0.304,1,
FILE0605445.png,389.0,807.3,451.1,876.3,0.278,1,
FILE0606446.png,3.1,638.3,137.4,740.8,0.338,1,
FILE0606446.png,21.2,667.7,83.9,723.8,0.173,1,
FILE0607447.png,1032.1,564.5,1064.2,589.2,0.181,1,
FILE0611449.png,853.5,971.5,1071.0,1187.9,0.574,1,
FILE0614204204204204204204.png,296.4,913.3,363.9,989.9,0.607,1,
FILE0614204204204204204204.png,221.7,886.2,373.0,1014.5,0.490,1,
FILE0614204204204204204204.png,225.1,757.1,302.8,851.2,0.420,1,
FILE0614450.png,848.5,708.8,1155.3,1079.2,0.796,1,
FILE0614450.png,885.5,877.3,1012.0,1022.9,0.178,1,
FILE0618205205205205205205.png,1283.1,301.1,1380.8,375.5,0.305,1,
FILE0619206206206206206206.png,153.8,878.2,399.6,1072.1,0.257,1,
FILE0619206206206206206206.png,290.8,805.1,399.1,898.8,0.194,1,
FILE0620207207207207207207.png,1072.6,649.3,1186.2,776.7,0.419,1,
FILE0620207207207207207207.png,991.4,598.3,1211.9,824.4,0.167,1,
FILE0624452.png,1032.2,873.8,1259.4,1107.4,0.278,1,
FILE0627453.png,1032.6,679.1,1260.2,903.0,0.740,1,
FILE0628837.png,1013.3,696.0,1202.6,876.4,0.625,1,
FILE0628837.png,1120.4,729.4,1190.0,816.7,0.245,1,
FILE0628837.png,1195.1,542.4,1345.9,640.4,0.230,1,
FILE0628837.png,1002.1,735.2,1101.1,844.5,0.173,1,
FILE0633455.png,1262.6,317.1,1367.6,415.7,0.559,1,
FILE0634839.png,213.4,797.6,337.0,912.2,0.322,1,
FILE0634839.png,149.7,738.0,416.8,956.9,0.191,1,
FILE0636456.png,1055.9,500.1,1183.7,605.5,0.373,1,
FILE0639840.png,781.4,916.6,886.5,1042.3,0.583,1,
FILE0639840.png,1327.0,1553.8,1381.0,1640.8,0.359,1,
FILE0639840.png,713.9,679.3,1186.4,1021.1,0.336,1,
FILE0639840.png,1045.0,937.9,1102.8,994.3,0.226,1,
FILE0645457.png,318.7,902.8,397.9,1019.3,0.259,1,
FILE0645842.png,570.2,666.9,686.4,784.5,0.469,1,
FILE0645842.png,350.4,598.4,710.5,978.2,0.431,1,
FILE0645842.png,509.3,990.9,611.1,1103.2,0.240,1,
FILE0646220220220220220220.png,619.6,1074.6,709.8,1229.9,0.366,1,
FILE0648458.png,1103.2,480.8,1222.3,591.3,0.358,1,
FILE0648843.png,270.4,837.0,342.2,900.5,0.313,1,
FILE0652460.png,287.4,710.7,322.5,742.7,0.227,1,
FILE0653224224224224224224.png,7.4,98.7,107.2,247.0,0.357,1,
FILE0658462.png,19.6,522.8,222.6,723.2,0.570,1,
FILE0658462.png,48.1,573.7,142.9,684.9,0.236,1,
FILE0662229229229229229229.png,1219.5,1601.1,1306.7,1693.6,0.238,1,
FILE0663844.png,513.6,1016.0,635.1,1130.5,0.245,1,
FILE0663844.png,712.6,796.5,938.4,977.4,0.177,1,
FILE0664463.png,9.0,672.9,279.4,1032.1,0.792,1,
FILE0665464.png,1134.8,795.2,1273.6,903.1,0.316,1,
FILE0666465.png,18.4,490.0,303.8,697.0,0.932,1,
FILE0666465.png,57.8,550.9,168.9,686.0,0.463,1,
FILE0666465.png,221.4,573.8,276.8,652.7,0.187,1,
FILE0666465.png,153.9,762.7,205.9,824.3,0.177,1,
FILE0666465.png,109.5,768.6,192.7,876.7,0.168,1,
FILE0666845.png,738.6,533.0,944.1,767.1,0.689,1,
FILE0666845.png,543.6,770.2,674.3,885.3,0.195,1,
FILE0669232232232232232232.png,12.0,1492.7,86.5,1561.8,0.555,1,
FILE0671466.png,814.8,809.1,873.9,873.4,0.184,1,
FILE0674467.png,8.1,489.4,237.7,834.6,0.668,1,
FILE0674467.png,62.9,631.5,188.7,774.6,0.273,1,
FILE0675236236236236236236.png,1275.0,763.2,1322.9,811.7,0.336,1,
FILE0675236236236236236236.png,1355.0,1063.5,1381.0,1253.9,0.313,1,
FILE0678849.png,198.6,653.2,296.7,780.0,0.190,1,
FILE0678849.png,103.0,595.0,331.4,774.7,0.160,1,
FILE0682241241241241241241.png,1346.3,692.0,1381.0,785.2,0.319,1,
FILE0685850.png,991.5,867.6,1064.9,983.3,0.376,1,
FILE0685850.png,1281.2,1356.1,1336.2,1413.5,0.208,1,
FILE0689852.png,306.8,881.7,477.9,1052.3,0.401,1,
FILE0690245245245245245245.png,106.7,844.4,229.2,948.0,0.739,1,
FILE0690471.png,141.1,648.9,362.5,867.5,0.347,1,
FILE0692247247247247247247.png,161.3,982.3,283.6,1103.3,0.202,1,
FILE0692247247247247247247.png,4.7,843.4,281.3,1092.4,0.180,1,
FILE0693248248248248248248.png,1345.6,1385.6,1381.0,1432.2,0.301,1,
FILE0693472.png,882.2,735.6,1173.0,1132.3,0.936,1,
FILE0693472.png,941.0,874.1,1110.9,1043.4,0.548,1,
FILE0693854.png,746.5,904.9,851.2,1029.8,0.464,1,
FILE0694249249249249249249.png,1323.4,351.8,1381.0,456.4,0.398,1,
FILE0694249249249249249249.png,1345.8,572.3,1381.0,628.9,0.171,1,
FILE0696473.png,1039.2,574.1,1323.2,969.4,0.880,1,
FILE0696473.png,1066.4,642.1,1249.7,823.7,0.782,1,
FILE0696473.png,1337.4,1174.7,1381.0,1315.6,0.340,1,
FILE0696473.png,1054.6,768.5,1237.5,944.3,0.164,1,
FILE0698251251251251251251.png,1182.7,495.7,1277.1,575.9,0.184,1,
FILE0699252252252252252252.png,95.9,899.4,175.3,1004.4,0.268,1,
FILE0699474.png,32.8,677.2,229.5,894.4,0.380,1,
FILE0699474.png,60.1,739.3,167.5,835.6,0.166,1,
FILE0699856.png,243.7,859.6,506.6,1055.0,0.178,1,
FILE0707255255255255255255.png,233.8,778.6,462.7,1016.4,0.606,1,
FILE0707255255255255255255.png,327.8,798.5,437.5,938.7,0.230,1,
FILE0707858.png,484.3,843.4,535.5,891.8,0.363,1,
FILE0707858.png,225.7,1164.3,436.4,1354.9,0.226,1,
FILE0707858.png,514.6,671.8,706.0,872.7,0.204,1,
FILE0710859.png,875.4,1095.5,935.4,1157.0,0.239,1,
FILE0710859.png,917.3,830.0,970.9,881.6,0.168,1,
FILE0713860.png,781.8,641.0,893.6,766.4,0.254,1,
FILE0713860.png,706.3,995.7,845.8,1082.0,0.169,1,
FILE0715257257257257257257.png,757.8,599.7,1127.9,984.5,0.468,1,
FILE0715476.png,1248.5,195.0,1381.0,372.0,0.901,1,
FILE0715476.png,882.0,935.4,1094.7,1163.6,0.862,1,
FILE0715476.png,778.1,1067.5,868.7,1150.0,0.660,1,
FILE0715476.png,1341.8,184.2,1381.0,364.8,0.639,1,
FILE0715476.png,974.9,1167.2,1113.7,1287.5,0.565,1,
FILE0715476.png,1116.0,532.1,1202.9,615.3,0.350,1,
FILE0715476.png,1135.8,550.4,1178.0,591.6,0.328,1,
FILE0715476.png,955.0,978.3,1055.3,1104.1,0.188,1,
FILE0716258258258258258258.png,325.4,668.2,441.9,794.9,0.345,1,
FILE0716258258258258258258.png,29.6,1168.9,260.3,1349.8,0.163,1,
FILE0716861.png,1.0,157.3,43.1,240.3,0.205,1,
FILE0716861.png,397.3,1050.9,526.5,1173.5,0.196,1,
FILE0717259259259259259259.png,213.8,938.5,360.4,1030.6,0.597,1,
FILE0717259259259259259259.png,164.0,761.6,564.1,1099.0,0.389,1,
FILE0717259259259259259259.png,247.2,951.1,306.2,1006.3,0.242,1,
FILE0717862.png,459.3,828.4,664.2,1044.9,0.638,1,
FILE0717862.png,514.4,877.3,602.7,996.9,0.187,1,
FILE0718260260260260260260.png,961.0,474.1,1204.8,685.3,0.417,1,
FILE0718260260260260260260.png,912.6,896.8,1058.3,993.7,0.272,1,
FILE0718260260260260260260.png,965.6,706.0,1089.3,814.7,0.165,1,
FILE0718477.png,961.4,640.9,1173.9,943.8,0.936,1,
FILE0718477.png,1018.6,722.0,1141.9,876.9,0.508,1,
FILE0718477.png,864.5,791.2,957.6,880.8,0.425,1,
FILE0718477.png,941.0,956.6,1032.9,1049.7,0.228,1,
FILE0718863.png,780.3,1184.5,878.3,1261.6,0.199,1,
FILE0718863.png,965.7,773.1,1079.9,892.4,0.174,1,
FILE0719261261261261261261.png,1337.0,1392.2,1381.0,1476.9,0.232,1,
FILE0719864.png,384.4,1220.2,445.1,1292.2,0.236,1,
FILE0719864.png,1.0,1434.8,32.2,1513.2,0.176,1,
FILE0720262262262262262262.png,204.5,478.3,348.1,576.4,0.713,1,
FILE0720262262262262262262.png,278.1,1016.6,362.4,1109.1,0.558,1,
FILE0720262262262262262262.png,247.9,979.2,400.6,1153.0,0.304,1,
FILE0720262262262262262262.png,266.4,506.9,327.4,555.0,0.245,1,
FILE0720262262262262262262.png,283.1,606.3,412.1,719.3,0.186,1,
FILE0720865.png,925.9,263.4,1326.3,500.9,0.348,1,
FILE0720865.png,995.4,365.7,1127.6,482.7,0.260,1,
FILE0721263263263263263263.png,1040.1,705.3,1089.6,748.0,0.287,1,
FILE0723264264264264264264.png,318.3,864.4,384.4,945.4,0.436,1,
FILE0723264264264264264264.png,306.2,1076.2,350.0,1112.4,0.218,1,
FILE0723264264264264264264.png,286.8,812.9,453.9,1025.1,0.203,1,
FILE0727265265265265265265.png,815.0,1109.1,910.9,1179.2,0.542,1,
FILE0727265265265265265265.png,849.2,1134.5,904.6,1169.4,0.251,1,
FILE0727265265265265265265.png,644.6,875.0,751.1,1009.6,0.217,1,
FILE0728266266266266266.png,306.8,902.3,440.2,1044.4,0.601,1,
FILE0728266266266266266.png,417.2,512.2,685.2,675.0,0.437,1,
FILE0728266266266266266.png,248.2,866.8,692.5,1127.7,0.380,1,
FILE0728266266266266266.png,392.6,924.4,438.7,967.3,0.224,1,
FILE0728266266266266266.png,461.9,534.8,596.1,625.1,0.166,1,
FILE0729267267267267267.png,707.0,1293.6,774.2,1342.4,0.251,1,
FILE0732268268268268268.png,446.3,665.5,583.9,798.6,0.543,1,
FILE0732268268268268268.png,481.3,1318.5,569.2,1396.4,0.416,1,
FILE0732268268268268268.png,634.0,786.0,743.5,911.8,0.172,1,
FILE0732867.png,877.5,1237.8,966.1,1310.1,0.711,1,
FILE0732867.png,837.9,1158.9,1015.8,1359.2,0.182,1,
FILE0735479.png,296.0,1150.8,400.4,1280.8,0.552,1,
FILE0736269269269269269.png,279.1,785.1,421.2,891.1,0.201,1,
FILE0736269269269269269.png,266.5,940.4,382.2,1078.1,0.170,1,
FILE0738869.png,1.0,1318.7,23.0,1377.4,0.546,1,
FILE0738869.png,1.0,1286.2,39.2,1408.8,0.173,1,
FILE0741481.png,770.2,599.4,841.9,686.5,0.297,1,
FILE0741481.png,1051.9,627.8,1293.4,834.5,0.191,1,
FILE0741870.png,809.8,671.0,1087.7,1003.2,0.968,1,
FILE0741870.png,838.6,741.9,1005.5,901.4,0.540,1,
FILE0744482.png,195.7,751.4,350.4,851.1,0.202,1,
FILE0744871.png,229.0,464.9,336.2,559.0,0.243,1,
FILE0747872.png,659.3,668.3,983.2,1032.3,0.550,1,
FILE0747872.png,719.4,810.8,849.8,945.8,0.323,1,
FILE0748873.png,576.0,615.5,728.0,715.1,0.344,1,
FILE0748873.png,663.7,644.5,727.1,718.3,0.203,1,
FILE0750484.png,1311.4,1420.1,1381.0,1506.6,0.456,1,
FILE0750484.png,1346.2,1436.4,1381.0,1479.7,0.271,1,
FILE0750484.png,927.5,835.9,1129.0,1023.4,0.208,1,
FILE0753485.png,1030.6,904.6,1151.0,1022.5,0.178,1,
FILE0770875.png,319.7,878.2,455.5,992.5,0.806,1,
FILE0770875.png,364.1,899.4,432.3,962.0,0.597,1,
FILE0774489.png,948.4,624.3,1080.7,720.8,0.769,1,
FILE0774489.png,903.7,518.0,977.5,611.3,0.471,1,
FILE0774489.png,746.8,764.3,823.7,832.6,0.313,1,
FILE0774489.png,1337.5,1320.8,1381.0,1369.6,0.182,1,
FILE0777490.png,300.5,499.4,448.6,586.0,0.372,1,
FILE0784491.png,1088.5,1007.1,1213.7,1116.3,0.295,1,
FILE0797496.png,1040.7,1105.3,1172.1,1229.3,0.628,1,
FILE0797496.png,1345.4,442.5,1381.0,521.2,0.172,1,
FILE0808497.png,394.0,829.1,462.4,888.0,0.438,1,
FILE0808878.png,359.4,803.9,493.7,923.4,0.700,1,
FILE0808878.png,1.3,114.6,45.2,259.9,0.303,1,
FILE0809498.png,411.6,1148.7,485.3,1230.8,0.718,1,
FILE0809498.png,350.6,1097.6,537.5,1270.6,0.416,1,
FILE0810499.png,1206.7,948.0,1381.0,1133.7,0.884,1,
FILE0810499.png,1133.5,531.0,1238.0,627.9,0.411,1,
FILE0811500.png,1245.4,644.4,1378.4,805.7,0.954,1,
FILE0818501.png,8.6,858.0,87.3,970.2,0.295,1,
FILE0818501.png,5.3,832.1,330.0,1161.6,0.247,1,
FILE0818501.png,4.0,1010.6,97.7,1150.3,0.246,1,
FILE0819882.png,239.3,747.4,338.1,849.9,0.362,1,
FILE0822883.png,1349.5,445.3,1381.0,501.7,0.179,1,
FILE0824503.png,963.9,1085.3,1058.8,1184.2,0.414,1,
FILE0824503.png,821.4,866.6,932.2,973.1,0.225,1,
FILE0825884.png,761.0,775.4,875.8,893.5,0.192,1,
FILE0827504.png,315.3,730.5,432.4,834.8,0.800,1,
FILE0827504.png,33.3,488.8,77.1,541.6,0.287,1,
FILE0841887.png,775.6,749.2,962.3,901.8,0.268,1,
FILE0841887.png,1216.7,325.5,1297.1,402.9,0.174,1,
FILE0843889.png,993.5,505.0,1237.0,695.9,0.323,1,
FILE0843889.png,832.1,669.9,891.3,738.0,0.247,1,
FILE0843889.png,1344.0,1509.4,1381.0,1579.1,0.183,1,
FILE0847890.png,354.2,866.5,499.6,984.2,0.168,1,
FILE0850891.png,1031.8,696.7,1309.3,883.5,0.187,1,
FILE0853892.png,897.7,748.9,1100.1,929.6,0.270,1,
FILE0856505.png,469.8,490.6,577.0,599.5,0.398,1,
FILE0856893.png,254.1,751.2,369.3,876.9,0.741,1,
FILE0858506.png,1306.7,270.8,1354.7,314.9,0.266,1,
FILE0863507.png,1343.5,877.6,1381.0,928.5,0.439,1,
FILE0863507.png,1274.9,83.6,1363.2,187.9,0.331,1,
FILE0863507.png,1213.7,441.7,1381.0,832.3,0.296,1,
FILE0863507.png,1346.3,700.7,1381.0,794.5,0.248,1,
FILE0863507.png,1289.0,537.1,1380.7,678.7,0.173,1,
FILE0864508.png,413.1,586.5,550.5,684.3,0.234,1,
FILE0865894.png,1059.2,697.6,1274.9,906.7,0.173,1,
FILE0872897.png,335.8,1010.3,409.4,1114.0,0.162,1,
FILE0878509.png,236.2,783.0,465.7,974.7,0.291,1,
FILE0878509.png,289.0,837.7,398.3,947.1,0.246,1,
FILE0878509.png,414.2,996.1,527.8,1125.2,0.192,1,
FILE0887512.png,260.9,596.3,352.5,696.7,0.216,1,
FILE0887512.png,200.6,544.6,389.3,737.6,0.206,1,
FILE0887898.png,902.0,938.2,1108.6,1133.5,0.261,1,
FILE0890899.png,1052.9,1116.1,1181.5,1229.7,0.228,1,
FILE0893514.png,991.3,582.8,1271.5,894.7,0.859,1,
FILE0893514.png,1142.2,564.9,1352.8,795.6,0.639,1,
FILE0893514.png,1241.7,338.2,1381.0,568.0,0.570,1,
FILE0893514.png,1150.9,677.5,1258.4,792.2,0.552,1,
FILE0893514.png,1070.3,705.7,1196.4,855.1,0.539,1,
FILE0893514.png,1351.3,488.1,1381.0,536.4,0.534,1,
FILE0893514.png,1176.0,696.1,1231.2,749.0,0.350,1,
FILE0893514.png,1029.0,655.9,1142.8,815.2,0.226,1,
FILE0893514.png,1009.6,567.9,1125.3,686.4,0.195,1,
FILE0893900.png,238.3,461.3,346.0,558.2,0.636,1,
FILE0893900.png,269.3,483.0,326.9,532.9,0.161,1,
FILE0896515.png,1094.5,318.6,1305.4,788.2,0.849,1,
FILE0896515.png,1132.8,525.4,1304.1,636.0,0.377,1,
FILE0896515.png,1021.4,499.0,1240.9,684.1,0.206,1,
FILE0899516.png,94.0,757.1,174.4,831.2,0.451,1,
FILE0899901.png,113.1,800.9,344.5,1040.5,0.200,1,
FILE0899901.png,251.2,703.2,379.8,835.2,0.191,1,
FILE0899901.png,119.3,931.7,246.2,1050.9,0.177,1,
FILE0902902.png,967.7,615.0,1306.5,996.3,0.423,1,
FILE0902902.png,1160.4,793.4,1341.4,976.6,0.366,1,
FILE0902902.png,984.3,665.5,1141.7,839.5,0.313,1,
FILE0905903.png,1052.9,968.1,1319.8,1169.3,0.280,1,
FILE0905903.png,1201.1,664.2,1348.5,769.6,0.200,1,
FILE0918517.png,1167.0,360.2,1289.3,474.8,0.895,1,
FILE0918517.png,1024.5,958.7,1258.5,1187.9,0.696,1,
FILE0918517.png,1030.9,942.7,1137.1,1067.8,0.213,1,
FILE0920518.png,1044.0,727.4,1235.7,970.2,0.931,1,
FILE0920518.png,1057.2,744.5,1168.9,855.2,0.333,1,
FILE0924519.png,17.6,1490.6,96.0,1624.6,0.229,1,
FILE0924519.png,3.2,326.0,97.2,446.5,0.181,1,
FILE0924906.png,259.1,615.7,396.2,733.1,0.338,1,
FILE0933909.png,179.5,522.0,287.5,606.8,0.161,1,
FILE0942912.png,1152.7,636.8,1320.5,829.2,0.199,1,
FILE0947521.png,467.0,825.8,702.0,1047.5,0.169,1,
FILE0948522.png,432.4,1024.1,520.8,1112.0,0.684,1,
FILE0948522.png,452.6,1045.1,498.6,1087.5,0.403,1,
FILE0948522.png,453.0,479.2,565.3,612.7,0.183,1,
FILE0952916.png,5.2,625.3,217.3,841.7,0.219,1,
FILE0953525.png,498.9,983.8,707.1,1160.4,0.238,1,
FILE0957918.png,1015.5,790.0,1113.7,880.6,0.534,1,
FILE0957918.png,1305.7,562.1,1374.6,645.6,0.325,1,
FILE0957918.png,1159.4,471.7,1378.8,687.2,0.265,1,
FILE0958526.png,1289.5,454.0,1380.5,587.3,0.417,1,
FILE0958526.png,1157.7,428.8,1381.0,621.1,0.303,1,
FILE0960919.png,64.8,715.6,386.0,1282.9,0.836,1,
FILE0960919.png,83.4,777.2,293.5,966.1,0.565,1,
FILE0960919.png,6.4,1100.4,280.0,1344.9,0.399,1,
FILE0960919.png,51.4,1179.2,198.5,1307.1,0.368,1,
FILE0963920.png,1256.3,181.7,1381.0,370.1,0.404,1,
FILE0963920.png,782.9,677.0,928.1,870.7,0.316,1,
FILE0966528.png,1340.6,604.1,1381.0,729.3,0.195,1,
FILE0968921.png,169.4,624.6,476.2,1197.5,0.954,1,
FILE0968921.png,242.0,714.1,430.1,898.2,0.197,1,
FILE0969529.png,409.2,988.2,595.4,1213.2,0.410,1,
FILE0969529.png,279.6,396.5,353.6,493.4,0.239,1,
FILE0969529.png,88.7,494.5,183.2,574.7,0.161,1,
FILE0978922.png,965.1,1121.0,1081.2,1220.1,0.650,1,
FILE0978922.png,920.6,505.2,1107.4,759.0,0.288,1,
FILE0978922.png,820.0,911.8,997.9,1124.6,0.191,1,
FILE0978922.png,961.4,670.2,1015.2,732.4,0.169,1,
FILE0979923.png,1351.9,1577.4,1381.0,1625.6,0.266,1,
FILE0979923.png,948.5,842.3,1055.4,957.6,0.202,1,
FILE0982924.png,132.1,667.2,446.6,1211.9,0.929,1,
FILE0982924.png,203.1,823.6,381.8,1002.8,0.329,1,
FILE0982924.png,178.3,701.6,401.8,902.8,0.194,1,
FILE0984531.png,393.3,726.5,503.2,822.1,0.769,1,
FILE0984531.png,193.8,488.6,305.0,592.2,0.368,1,
FILE0985925.png,98.2,523.6,369.7,1035.3,0.787,1,
FILE0985925.png,100.6,570.7,272.5,734.9,0.524,1,
FILE0985925.png,75.0,987.7,231.1,1107.1,0.459,1,
FILE0985925.png,129.4,729.0,344.3,913.4,0.186,1,
FILE0987532.png,516.1,1076.8,613.7,1206.8,0.252,1,
FILE0990533.png,1044.3,589.0,1186.8,700.5,0.330,1,
FILE0995927.png,477.2,1096.9,578.7,1237.6,0.465,1,
FILE0998928.png,1215.3,106.5,1381.0,301.7,0.758,1,
FILE0998928.png,805.4,963.6,915.1,1065.9,0.291,1,
FILE1001929.png,896.8,510.8,1003.0,606.5,0.400,1,
FILE1001929.png,1024.2,350.7,1250.9,510.1,0.245,1,
FILE1001929.png,919.2,384.5,1110.2,608.4,0.239,1,
FILE1001929.png,938.8,703.5,1022.7,797.1,0.230,1,
FILE1001929.png,910.3,854.7,1017.2,978.6,0.202,1,
FILE1004930.png,449.2,878.6,579.7,992.2,0.350,1,
FILE1004930.png,186.2,356.3,547.3,700.1,0.174,1,
FILE1005931.png,773.8,908.4,990.8,1128.3,0.688,1,
FILE1006932.png,909.8,658.1,1111.4,866.2,0.345,1,
FILE1007933.png,791.7,516.0,1028.3,740.1,0.269,1,
FILE1007933.png,679.4,1543.8,817.2,1656.1,0.161,1,
FILE1008934.png,157.0,1247.6,218.0,1303.7,0.454,1,
FILE1009935.png,275.7,454.1,475.3,690.3,0.540,1,
FILE1009935.png,410.2,660.3,518.3,789.8,0.529,1,
FILE1012936.png,488.5,882.4,549.4,959.8,0.168,1,
FILE1015937.png,782.0,906.5,878.1,1022.1,0.308,1,
FILE1018938.png,1146.8,386.7,1278.4,477.3,0.255,1,
FILE1020534.png,1281.5,602.1,1373.7,686.3,0.467,1,
FILE1020534.png,1193.4,701.6,1310.6,832.6,0.161,1,
FILE1021939.png,322.8,690.5,518.2,850.6,0.779,1,
FILE1021939.png,197.0,534.1,285.6,642.0,0.427,1,
FILE1021939.png,345.4,769.0,433.7,859.2,0.336,1,
FILE1023535.png,2.1,290.9,55.7,373.2,0.164,1,
FILE1027537.png,1104.5,929.7,1224.7,1047.8,0.803,1,
FILE1027537.png,1027.8,717.1,1160.0,840.9,0.357,1,
FILE1027537.png,1066.8,866.7,1271.5,1117.8,0.339,1,
FILE1027537.png,1133.3,942.8,1198.0,1004.4,0.165,1,
FILE1033943.png,283.9,866.4,521.7,1058.7,0.161,1,
FILE1042541.png,1242.6,512.0,1371.9,618.5,0.167,1,
FILE1042946.png,1012.2,622.3,1074.8,682.5,0.309,1,
FILE1042946.png,567.1,1008.5,612.7,1059.4,0.261,1,
FILE1042946.png,579.6,794.4,632.0,854.0,0.231,1,
FILE1042946.png,455.3,904.6,531.3,1008.1,0.219,1,
FILE1045947.png,309.3,745.9,433.5,857.0,0.698,1,
FILE1045947.png,263.2,682.2,462.9,919.2,0.202,1,
FILE1046543.png,893.6,785.6,1028.7,881.9,0.352,1,
FILE1046543.png,803.1,650.8,1253.0,942.6,0.244,1,
FILE1046543.png,1054.2,739.6,1130.4,809.4,0.204,1,
FILE1048544.png,897.0,721.3,1025.1,821.0,0.265,1,
FILE1048544.png,966.5,829.4,1171.2,1035.3,0.237,1,
FILE1050545.png,1009.1,1235.6,1173.7,1413.8,0.329,1,
FILE1060549.png,1151.7,638.8,1293.5,747.9,0.570,1,
FILE1060549.png,986.1,864.3,1035.5,921.9,0.495,1,
FILE1063550.png,71.7,1050.9,155.0,1150.1,0.346,1,
FILE1068952.png,699.8,1018.0,821.8,1144.5,0.408,1,
FILE1068952.png,811.5,1235.3,887.9,1307.3,0.303,1,
FILE1070551.png,1.0,377.8,40.8,523.4,0.166,1,
FILE1071552.png,1314.1,1437.0,1381.0,1529.2,0.586,1,
FILE1074553.png,999.2,1285.2,1246.3,1516.3,0.187,1,
FILE1074954.png,48.4,1443.3,131.4,1517.8,0.299,1,
FILE1077955.png,1.0,1403.1,48.1,1482.2,0.255,1,
FILE1077955.png,128.0,922.9,221.8,1017.6,0.179,1,
FILE1078956.png,437.7,670.3,558.7,795.6,0.605,1,
FILE1084958.png,90.4,911.9,320.8,1132.5,0.397,1,
FILE1085959.png,1000.2,1119.8,1061.8,1200.1,0.233,1,
FILE1091556.png,886.9,807.6,987.2,949.8,0.695,1,
FILE1093557.png,1126.5,341.9,1323.9,508.4,0.619,1,
FILE1093557.png,1205.5,360.8,1285.1,457.9,0.198,1,
FILE1093961.png,1237.8,535.1,1379.9,646.8,0.608,1,
FILE1093961.png,1341.0,290.5,1381.0,370.4,0.266,1,
FILE1096558.png,443.6,876.9,538.3,1011.2,0.806,1,
FILE1096558.png,374.7,1146.5,512.3,1314.0,0.681,1,
FILE1096558.png,379.7,854.7,568.7,1081.8,0.254,1,
FILE1096962.png,1344.8,1467.9,1381.0,1637.6,0.581,1,
FILE1099963.png,1.3,1365.4,37.8,1598.0,0.241,1,
FILE1100964.png,475.7,797.8,527.9,842.9,0.281,1,
FILE1100964.png,346.4,466.1,460.8,572.1,0.267,1,
FILE1100964.png,453.4,726.6,564.3,857.5,0.250,1,
FILE1102559.png,1.0,1387.7,31.6,1526.5,0.425,1,
FILE1102559.png,213.0,579.1,429.5,761.6,0.174,1,
FILE1106561.png,1155.9,1080.0,1378.8,1550.0,0.385,1,
FILE1106561.png,872.3,994.0,1372.9,1350.4,0.363,1,
FILE1108966.png,944.8,738.1,1074.1,829.5,0.467,1,
FILE1108966.png,859.0,711.1,1099.7,936.9,0.174,1,
FILE1115564.png,1145.6,186.9,1377.0,415.8,0.910,1,
FILE1115564.png,1311.8,1213.1,1380.3,1361.5,0.429,1,
FILE1115564.png,821.6,1105.5,884.1,1169.4,0.411,1,
FILE1115564.png,1213.5,1146.6,1380.0,1370.4,0.335,1,
FILE1115564.png,1293.0,253.6,1381.0,422.7,0.270,1,
FILE1115564.png,791.4,1067.8,918.5,1189.1,0.248,1,
FILE1116565.png,1134.4,1226.3,1353.2,1423.0,0.188,1,
FILE1116968.png,69.7,375.6,133.1,431.3,0.225,1,
FILE1116968.png,388.4,663.3,470.0,743.7,0.170,1,
FILE1117969.png,756.0,728.1,884.9,835.1,0.687,1,
FILE1117969.png,750.4,739.8,1033.4,937.9,0.446,1,
FILE1123971.png,834.4,672.6,998.0,793.3,0.597,1,
FILE1123971.png,1215.7,306.1,1270.7,371.0,0.423,1,
FILE1123971.png,729.3,635.1,1026.4,920.9,0.318,1,
FILE1125973.png,979.1,445.9,1230.6,630.6,0.697,1,
FILE1125973.png,982.1,544.1,1050.9,601.3,0.391,1,
FILE1125973.png,921.9,638.6,1002.2,707.2,0.349,1,
FILE1125973.png,1038.1,438.1,1159.6,528.0,0.176,1,
FILE1125973.png,1052.3,508.7,1191.0,602.2,0.168,1,
FILE1125973.png,962.6,690.9,1096.9,802.0,0.164,1,
FILE1131975.png,807.6,964.1,1031.6,1182.0,0.396,1,
FILE1131975.png,929.5,672.4,970.4,713.8,0.287,1,
FILE1134976.png,831.8,915.8,1066.5,1135.9,0.332,1,
FILE1137977.png,445.5,1063.2,556.6,1169.3,0.255,1,
FILE1137977.png,492.4,707.1,595.8,804.5,0.236,1,
FILE1137977.png,249.6,593.9,359.1,696.0,0.191,1,
FILE1142979.png,393.8,530.2,537.7,629.5,0.438,1,
FILE1142979.png,407.2,550.3,473.3,602.8,0.161,1,
FILE1152982.png,1330.7,235.4,1380.5,321.9,0.265,1,
FILE1153983.png,814.3,870.5,894.9,948.3,0.484,1,
FILE1153983.png,788.3,816.5,928.5,976.5,0.232,1,
FILE1156984.png,730.6,789.9,865.5,963.5,0.831,1,
FILE1156984.png,864.3,699.4,1216.9,1069.4,0.621,1,
FILE1161570.png,901.4,689.6,1139.4,873.6,0.215,1,
FILE1161985.png,532.1,891.3,649.5,1007.1,0.360,1,
FILE1161985.png,521.2,1169.3,567.8,1224.5,0.349,1,
FILE1164571.png,235.6,813.7,466.2,1016.4,0.266,1,
FILE1167987.png,885.5,776.8,980.5,912.0,0.343,1,
FILE1169572.png,879.5,727.6,949.3,819.6,0.273,1,
FILE1169572.png,1049.4,343.9,1372.8,604.3,0.171,1,
FILE1180988.png,308.1,890.1,417.5,1010.4,0.217,1,
FILE1181576.png,1328.8,124.8,1381.0,219.5,0.300,1,
FILE1181989.png,286.7,755.1,424.3,870.3,0.466,1,
FILE1181989.png,268.4,926.3,394.7,1052.6,0.266,1,
FILE1184577.png,1068.3,882.0,1172.6,1028.3,0.507,1,
FILE1184577.png,1337.0,1463.5,1381.0,1548.4,0.191,1,
FILE1185578.png,1046.7,836.9,1226.3,1041.0,0.404,1,
FILE1185990.png,235.9,971.6,448.8,1152.2,0.212,1,
FILE1185990.png,442.3,1024.7,652.4,1259.6,0.207,1,
FILE1186579.png,1038.2,680.9,1245.3,891.4,0.393,1,
FILE1187991.png,843.3,773.4,1088.3,976.2,0.756,1,
FILE1187991.png,737.6,931.1,846.5,1057.1,0.658,1,
FILE1187991.png,814.6,986.6,934.9,1113.2,0.314,1,
FILE1187991.png,938.5,837.3,1041.1,945.8,0.313,1,
FILE1190992.png,853.7,989.4,1017.5,1160.1,0.790,1,
FILE1190992.png,777.6,979.8,834.8,1051.0,0.491,1,
FILE1193993.png,462.0,774.0,590.4,893.7,0.310,1,
FILE1193993.png,257.8,992.8,373.7,1108.6,0.228,1,
FILE1193993.png,714.2,717.4,780.1,776.4,0.164,1,
FILE1195582.png,1.0,1283.8,41.4,1379.4,0.468,1,
FILE1195582.png,2.0,1318.0,31.7,1348.2,0.322,1,
FILE1195582.png,113.7,416.4,455.5,781.5,0.172,1,
FILE1205995.png,183.2,502.3,388.6,747.0,0.772,1,
FILE1205995.png,220.7,550.3,328.2,673.8,0.185,1,
FILE1211584.png,9.0,892.0,74.2,966.8,0.268,1,
FILE1211997.png,32.4,560.0,228.3,810.8,0.962,1,
FILE1212585.png,322.0,1035.8,423.0,1144.0,0.275,1,
FILE1212585.png,90.9,942.5,216.4,1031.6,0.247,1,
FILE1224591.png,1229.0,1229.4,1325.7,1342.3,0.405,1,
FILE1227592.png,260.7,1335.1,354.8,1411.4,0.495,1,
FILE1230998.png,1012.3,1219.1,1179.1,1317.3,0.219,1,
FILE1230998.png,1222.0,357.2,1307.0,485.2,0.186,1,
FILE1233999.png,989.2,801.3,1112.6,892.9,0.468,1,
FILE1233999.png,973.1,748.7,1300.9,1090.2,0.270,1,
FILE1233999.png,1160.8,953.7,1280.5,1062.4,0.163,1,
FILE1234593.png,1088.1,835.8,1264.7,1042.7,0.444,1,
FILE1234593.png,847.9,712.2,1091.7,935.1,0.301,1,
FILE1234593.png,981.5,683.6,1293.7,1085.5,0.185,1,
FILE1235594.png,88.4,1086.0,278.0,1313.7,0.451,1,
FILE1235594.png,111.9,661.1,360.5,899.6,0.250,1,
FILE1236595.png,47.1,665.3,196.0,802.2,0.729,1,
FILE1237596.png,1215.0,260.1,1378.4,478.0,0.444,1,
FILE1243598.png,1063.5,853.5,1209.0,998.9,0.483,1,
FILE1243598.png,851.7,689.4,1248.7,1037.0,0.278,1,
FILE1246599.png,600.8,820.6,675.0,914.7,0.523,1,
FILE1246599.png,603.0,844.0,646.8,890.2,0.412,1,
FILE1246599.png,976.5,255.3,1307.0,514.4,0.360,1,
FILE1246599.png,927.1,399.1,1063.6,507.3,0.299,1,
FILE1246599.png,688.0,647.7,793.7,778.4,0.207,1,
FILE1246599.png,1145.7,299.7,1292.4,418.7,0.205,1,
FILE1249600.png,462.7,349.8,592.2,472.7,0.673,1,
FILE1249600.png,3.9,110.5,400.4,458.9,0.564,1,
FILE1249600.png,633.7,1014.2,741.6,1106.7,0.564,1,
FILE1249600.png,591.3,476.1,691.3,618.0,0.383,1,
FILE1249600.png,510.6,1003.7,593.2,1100.6,0.236,1,
FILE1303614.png,1162.8,588.5,1216.4,641.4,0.365,1,
FILE1306615.png,1054.8,866.6,1220.5,1049.3,0.286,1,
FILE1312617.png,478.9,582.9,541.6,682.0,0.573,1,
FILE1312617.png,1.0,1228.8,34.5,1310.7,0.181,1,
FILE1315618.png,411.1,1062.1,469.3,1126.5,0.624,1,
FILE1315618.png,383.5,1022.5,492.4,1159.6,0.247,1,
FILE1331622.png,292.0,577.5,526.4,810.1,0.690,1,
FILE1334623.png,836.4,632.3,1163.3,1012.8,0.204,1,
FILE1337624.png,962.7,769.4,1104.6,888.7,0.612,1,
FILE1337624.png,1044.7,484.5,1245.0,715.7,0.277,1,
FILE1340625.png,46.0,398.2,272.5,632.6,0.697,1,
FILE1340625.png,51.4,412.4,157.9,545.2,0.499,1,
FILE1343626.png,1167.4,452.3,1324.4,645.7,0.576,1,
FILE1343626.png,1062.2,380.6,1372.1,712.2,0.234,1,
FILE1355630.png,31.4,552.6,159.7,669.4,0.349,1,
FILE1361632.png,1171.8,798.5,1380.3,1020.7,0.593,1,
FILE1367634.png,1241.2,475.9,1381.0,717.9,0.514,1,
FILE1371635.png,254.1,1149.7,309.2,1195.8,0.614,1,
FILE1371635.png,215.9,1118.9,333.9,1219.2,0.266,1,
FILE1374636.png,1143.1,980.8,1261.4,1124.2,0.738,1,
FILE1377637.png,876.3,793.9,969.6,941.4,0.210,1,
FILE1380638.png,361.8,979.6,432.3,1068.8,0.650,1,
FILE1380638.png,289.9,1203.9,399.2,1298.9,0.399,1,
FILE1380638.png,339.5,940.5,471.5,1102.6,0.323,1,
FILE1387640.png,1214.4,556.5,1349.5,661.8,0.220,1,
FILE1399644.png,714.2,1191.3,815.8,1351.7,0.616,1,
FILE1399644.png,818.2,1048.1,887.6,1158.9,0.469,1,
FILE1403645.png,22.5,685.0,355.1,1031.6,0.686,1,
FILE1403645.png,118.0,874.4,250.1,997.6,0.580,1,
FILE1403645.png,153.1,724.1,292.3,834.1,0.275,1,
FILE1406646.png,963.9,799.3,1308.0,1078.7,0.756,1,
FILE1409647.png,201.0,901.3,328.5,1022.2,0.484,1,
FILE1409647.png,296.7,817.5,387.5,961.8,0.344,1,
FILE1409647.png,138.1,849.7,389.9,1092.4,0.234,1,
FILE1412648.png,947.1,742.8,1263.8,1103.3,0.760,1,
FILE1412648.png,1293.7,474.4,1340.7,520.1,0.208,1,
FILE1412648.png,966.6,976.2,1109.3,1085.2,0.178,1,
FILE1412648.png,1098.5,826.2,1203.9,950.0,0.170,1,
FILE1412648.png,967.3,1002.8,1031.1,1073.3,0.166,1,
FILE1420650.png,444.0,954.9,560.9,1076.1,0.482,1,
FILE1443655.png,1103.4,776.5,1195.5,872.3,0.466,1,
FILE1443655.png,1040.5,1208.3,1152.1,1329.9,0.390,1,
FILE1443655.png,1050.7,724.9,1255.6,918.3,0.171,1,
FILE1446656.png,219.8,807.3,423.8,1059.0,0.305,1,
FILE1446656.png,26.8,721.7,540.3,1090.6,0.299,1,
FILE1457657.png,275.4,922.2,383.1,1059.6,0.550,1,
FILE1457657.png,5.9,809.1,63.1,884.1,0.189,1,
FILE1457657.png,111.2,812.0,191.7,914.7,0.180,1,
FILE1463659.png,1208.6,573.0,1255.9,620.9,0.341,1,
FILE1466660.png,325.5,1148.7,388.9,1231.7,0.326,1,
FILE1488666.png,1345.0,319.1,1381.0,423.9,0.298,1,
FILE1494668.png,235.3,635.1,335.0,742.9,0.718,1,
FILE1494668.png,202.9,583.8,386.4,790.0,0.233,1,
FILE1497669.png,31.4,750.2,232.4,983.2,0.192,1,
FILE1500670.png,309.2,655.1,401.3,791.3,0.584,1,
FILE1501671.png,1334.1,181.6,1378.7,248.5,0.605,1,
RAD045941.png,99.2,656.0,285.3,851.3,0.642,1,
RAD045941.png,158.6,709.9,234.1,802.4,0.230,1,
RAD082051.png,95.8,850.9,285.8,1091.7,0.863,1,
RAD082051.png,15.2,871.7,107.1,1023.2,0.281,1,
RAD082051.png,106.6,924.8,212.7,1050.4,0.171,1,
RAD089008.png,1121.8,711.1,1373.7,916.6,0.395,1,
RAD089008.png,1349.5,527.7,1381.0,577.7,0.297,1,
RAD089008.png,906.4,498.7,1113.5,716.7,0.291,1,
RAD089008.png,1268.1,841.1,1335.8,911.6,0.273,1,
RAD089008.png,1133.1,702.5,1237.6,828.4,0.262,1,
RAD089008.png,1200.8,430.1,1381.0,608.3,0.235,1,
RAD089008.png,1278.1,806.9,1334.3,872.0,0.214,1,
RAD089008.png,996.1,1024.1,1113.7,1151.6,0.172,1,
RAD089008.png,1298.5,604.7,1372.5,685.2,0.164,1,
RAD089547.png,925.1,836.3,1039.8,953.5,0.515,1,
RAD089547.png,903.8,769.7,1120.3,995.6,0.285,1,
RAD089547.png,1101.9,102.6,1379.2,457.1,0.235,1,
RAD089547.png,1295.3,178.8,1381.0,327.5,0.195,1,
RAD089639.png,1005.8,754.2,1140.2,899.2,0.895,1,
RAD089639.png,707.0,1016.2,891.1,1257.2,0.719,1,
RAD089639.png,760.6,1087.0,840.3,1193.4,0.463,1,
RAD089639.png,807.3,1140.4,847.5,1188.0,0.322,1,
RAD089639.png,725.8,1088.5,794.6,1191.8,0.299,1,
RAD089639.png,738.1,1154.8,782.6,1207.4,0.295,1,
RAD089639.png,1343.1,247.8,1379.5,308.7,0.284,1,
RAD089639.png,790.7,1147.4,877.4,1262.6,0.256,1,
RAD089639.png,668.8,938.9,1153.7,1251.4,0.226,1,
RAD089639.png,715.4,1021.4,767.1,1096.1,0.187,1,
RAD089639.png,738.6,1044.3,787.5,1102.2,0.178,1,
RAD089639.png,1241.6,326.4,1287.1,381.0,0.163,1,
RAD092219.png,929.1,883.3,997.3,957.2,0.682,1,
RAD092219.png,1191.4,338.6,1346.5,437.0,0.343,1,
RAD092219.png,1081.6,434.7,1338.1,619.3,0.244,1,
RAD092219.png,1130.6,318.6,1315.9,531.4,0.169,1,
RAD099581.png,30.4,920.6,352.4,1344.9,0.835,1,
RAD099581.png,140.7,1069.1,252.6,1205.2,0.469,1,
RAD099581.png,268.0,881.9,458.9,1155.5,0.437,1,
RAD099581.png,5.6,337.1,83.3,425.6,0.383,1,
RAD099581.png,258.7,984.1,361.8,1124.2,0.299,1,
RAD099581.png,14.1,1059.7,89.9,1147.9,0.165,1,
RAD101419.png,357.6,893.5,461.2,1028.1,0.585,1,
RAD101419.png,279.3,887.3,475.5,1139.4,0.479,1,
RAD101419.png,375.2,916.3,430.2,982.2,0.218,1,
RAD104321.png,57.2,335.5,247.1,474.7,0.751,1,
RAD104321.png,115.3,376.6,194.2,435.7,0.463,1,
